40100,4000,1,0
40100,2816,2,0
40100,2551,3,0
40100,2329,4,0
40100,1457,5,0
40100,1321,6,0
40100,1364,7,0
40100,11334,8,0
40100,1983,9,0
40100,11095,10,0
40100,1824,11,0
40100,1679,12,0
40100,11444,13,0
40100,1915,14,0
40100,1439,15,0
40100,1292,16,0
40100,1542,17,0
40100,2196,18,0
40100,2255,19,0
40100,2454,20,1
40300,4000,1,0
40300,2816,2,0
40300,2551,3,0
40300,2329,4,0
40300,1728,5,0
40300,1991,6,0
40300,1309,7,0
40300,1794,8,0
40300,1711,9,1
40301,1964,1,0
40301,1941,2,0
40301,1303,3,0
40301,1792,4,0
40301,1629,5,0
40301,1525,6,0
40301,2196,7,0
40301,2255,8,0
40301,2454,9,0
40301,4000,10,1
40400,4000,1,0
40400,2816,2,0
40400,2159,3,0
40400,2131,4,0
40400,2845,5,0
40400,2752,6,0
40400,2638,7,0
40400,2625,8,0
40400,2636,9,0
40400,22720,10,0
40400,2410,11,0
40400,2722,12,0
40400,2848,13,0
40400,2255,14,0
40400,2454,15,1
41100,8000,1,0
41100,8004,2,0
41100,4370,3,0
41100,4376,4,0
41100,2158,5,0
41100,2289,6,0
41100,22224,7,0
41100,1457,8,0
41100,1321,9,0
41100,1364,10,0
41100,11334,11,0
41100,1983,12,0
41100,11095,13,0
41100,1824,14,1
41101,1824,1,0
41101,1679,2,0
41101,11444,3,0
41101,1915,4,0
41101,1439,5,0
41101,1292,6,0
41101,1542,7,0
41101,22225,8,0
41101,2437,9,0
41101,4605,10,0
41101,4611,11,0
41101,4617,12,0
41101,8005,13,0
41101,8000,14,1
41300,8000,1,0
41300,8004,2,0
41300,1728,3,0
41300,1991,4,0
41300,1309,5,0
41300,1794,6,0
41300,1711,7,0
41300,1959,8,0
41300,1851,9,0
41300,11095,10,0
41300,1702,11,0
41300,1899,12,0
41300,1227,13,1
41301,1223,1,0
41301,1987,2,0
41301,1557,3,0
41301,11094,4,0
41301,1980,5,0
41301,1964,6,0
41301,1941,7,0
41301,1303,8,0
41301,1792,9,0
41301,1629,10,0
41301,1525,11,0
41301,8005,12,0
41301,8000,13,1
41400,8000,1,0
41400,8004,2,0
41400,2625,3,0
41400,2636,4,1
41401,2636,1,0
41401,8005,2,0
41401,8000,3,1
42000,8000,1,0
42000,8010,2,0
42000,8011,3,0
42000,8012,4,0
42000,8700,5,0
42000,8702,6,0
42000,8704,7,0
42000,8706,8,0
42000,8800,9,0
42000,8806,10,0
42000,8802,11,0
42000,8804,12,0
42000,8808,13,0
42000,8810,14,0
42000,8811,15,0
42000,8812,16,0
42000,8814,17,0
42000,8816,18,0
42000,8803,19,0
42000,8801,20,0
42000,8707,21,0
42000,8705,22,0
42000,8703,23,0
42000,8701,24,0
42000,8013,25,0
42000,8009,26,1
43000,8000,1,0
43000,8101,2,0
43000,8107,3,0
43000,8109,4,0
43000,8112,5,0
43000,8304,6,0
43000,8848,7,0
43000,8846,8,0
43000,8844,9,0
43000,8842,10,0
43000,7923,11,0
43000,7921,12,0
43000,7903,13,0
43000,7901,14,0
43000,7910,15,0
43000,7914,16,0
43000,7857,17,0
43000,7508,18,0
43000,7510,19,0
43000,7512,20,0
43000,7514,21,0
43000,7516,22,0
43000,7436,23,0
43000,7438,24,0
43000,7601,25,0
43000,7603,26,0
43000,7605,27,0
43000,8322,28,0
43000,8320,29,0
43000,8118,30,0
43000,8116,31,0
43000,8114,32,0
43000,8110,33,0
43000,8108,34,1
43100,8000,1,0
43100,8101,2,0
43100,8107,3,0
43100,8109,4,0
43100,8113,5,0
43100,8117,6,0
43100,8115,7,0
43100,8317,8,0
43100,8319,9,0
43100,7604,10,0
43100,7602,11,0
43100,7600,12,0
43100,7437,13,0
43100,7435,14,0
43100,7515,15,0
43100,7513,16,0
43100,7511,17,0
43100,7509,18,0
43100,7506,19,0
43100,7807,20,0
43100,7900,21,0
43100,7902,22,0
43100,7904,23,0
43100,7920,24,0
43100,7922,25,0
43100,8847,26,0
43100,8849,27,0
43100,8305,28,0
43100,8110,29,0
43100,8108,30,1
43200,8000,1,0
43200,8101,2,0
43200,8106,3,0
43200,8604,4,0
43200,8304,5,0
43200,8851,6,0
43200,7873,7,0
43200,7870,8,0
43200,7862,9,0
43200,7508,10,0
43200,7510,11,0
43200,7512,12,0
43200,7520,13,0
43200,7522,14,0
43200,7524,15,0
43200,7526,16,0
43200,7516,17,0
43200,7518,18,0
43200,7872,19,0
43200,7874,20,0
43200,8605,21,0
43200,8108,22,1
43300,8000,1,0
43300,8101,2,0
43300,8107,3,0
43300,8109,4,0
43300,8113,5,0
43300,8124,6,0
43300,8135,7,0
43300,7706,8,0
43300,7704,9,0
43300,7702,10,0
43300,7700,11,0
43300,7272,12,0
43300,7290,13,0
43300,7296,14,0
43300,7323,15,0
43300,7321,16,0
43300,7319,17,0
43300,7317,18,0
43300,7315,19,0
43300,7313,20,0
43300,7433,21,0
43300,7431,22,0
43300,7701,23,0
43300,7703,24,0
43300,7705,25,0
43300,7707,26,0
43300,8138,27,0
43300,8123,28,0
43300,8116,29,0
43300,8114,30,0
43300,8110,31,0
43300,8108,32,1
44000,8000,1,0
44000,1090,2,0
44000,1094,3,0
44000,1096,4,0
44000,1099,5,0
44000,7006,6,0
44000,7012,7,0
44000,7018,8,0
44000,7024,9,0
44000,7103,10,0
44000,7105,11,0
44000,7199,12,0
44000,7195,13,0
44000,7112,14,0
44000,7118,15,0
44000,7119,16,0
44000,7122,17,0
44000,7124,18,0
44000,7106,19,0
44000,7104,20,0
44000,7011,21,0
44000,7017,22,0
44000,7023,23,0
44000,7029,24,0
44000,1042,25,0
44000,1048,26,0
44000,1054,27,0
44000,1060,28,0
44000,1068,29,0
44000,7102,30,1
44100,8000,1,0
44100,7103,2,0
44100,7105,3,0
44100,9150,4,0
44100,9240,5,0
44100,9238,6,0
44100,9236,7,0
44100,9234,8,0
44100,9228,9,0
44100,9224,10,0
44100,9222,11,0
44100,9223,12,0
44100,9117,13,0
44100,9115,14,0
44100,9352,15,0
44100,4939,16,0
44100,4937,17,0
44100,4935,18,0
44100,4933,19,0
44100,4000,20,1
44101,4000,1,0
44101,4913,2,0
44101,4934,3,0
44101,4936,4,0
44101,4938,5,0
44101,9461,6,0
44101,9353,7,0
44101,9157,8,0
44101,9159,9,0
44101,9206,10,0
44101,9219,11,0
44101,9225,12,0
44101,9229,13,0
44101,9233,14,0
44101,9235,15,0
44101,9237,16,0
44101,9239,17,0
44101,9160,18,0
44101,7106,19,0
44101,7104,20,0
44101,7102,21,0
44101,8000,22,1
44200,8000,1,0
44200,1013,2,0
44200,1014,3,0
44200,1002,4,0
44200,1005,5,0
44200,1006,6,0
44200,1012,7,0
44200,9005,8,0
44200,9015,9,0
44200,9016,10,0
44200,9017,11,0
44200,9023,12,0
44200,9025,13,0
44200,9029,14,0
44200,9180,15,0
44200,9184,16,0
44200,9048,17,0
44200,1107,18,0
44200,1001,19,0
44200,1004,20,0
44200,1010,21,0
44200,1011,22,1
44300,8000,1,0
44300,1013,2,0
44300,1088,3,0
44300,1084,4,0
44300,1072,5,0
44300,1052,6,0
44300,1033,7,0
44300,1019,8,0
44300,1107,9,0
44300,1007,10,0
44300,1008,11,0
44300,6079,12,0
44300,6085,13,0
44300,6091,14,0
44300,6097,15,0
44300,6103,16,0
44300,6109,17,0
44300,6115,18,0
44300,6121,19,0
44300,6090,20,0
44300,6041,21,0
44300,6047,22,0
44300,6053,23,0
44300,6059,24,0
44300,6065,25,0
44300,5149,26,0
44300,4000,27,1
44301,4000,1,0
44301,6006,2,0
44301,6012,3,0
44301,6018,4,0
44301,6024,5,0
44301,6030,6,0
44301,6036,7,0
44301,6127,8,0
44301,6102,9,0
44301,6108,10,0
44301,6126,11,0
44301,6132,12,0
44301,6138,13,0
44301,6144,14,0
44301,6150,15,0
44301,6156,16,0
44301,1009,17,0
44301,1005,18,0
44301,1006,19,0
44301,1012,20,0
44301,1018,21,0
44301,1024,22,0
44301,1030,23,0
44301,1038,24,0
44301,1071,25,0
44301,1077,26,0
44301,1085,27,0
44301,1087,28,0
44301,1010,29,0
44301,1011,30,0
44301,8000,31,1
45000,8000,1,0
45000,8101,2,0
45000,8107,3,0
45000,8109,4,0
45000,8105,5,0
45000,1013,6,0
45000,1014,7,0
45000,1002,8,0
45000,2001,9,0
45000,6048,10,0
45000,6054,11,0
45000,6060,12,0
45000,6066,13,0
45000,6072,14,0
45000,1004,15,0
45000,1010,16,0
45000,1011,17,0
45000,8111,18,0
45000,8110,19,0
45000,8108,20,1
45100,8000,1,0
45100,1013,2,0
45100,1014,3,0
45100,5005,4,0
45100,5011,5,0
45100,5023,6,0
45100,5029,7,0
45100,5035,8,0
45100,4036,9,0
45100,5041,10,0
45100,5047,11,0
45100,5065,12,0
45100,5071,13,0
45100,5077,14,0
45100,5083,15,0
45100,5089,16,0
45100,5095,17,0
45100,5101,18,0
45100,5107,19,0
45100,5109,20,0
45100,5111,21,0
45100,5115,22,0
45100,5149,23,0
45100,4000,24,1
45101,4000,1,0
45101,6006,2,0
45101,4006,3,0
45101,5040,4,0
45101,5044,5,0
45101,5046,6,0
45101,5048,7,0
45101,5054,8,0
45101,5072,9,0
45101,5078,10,0
45101,5090,11,0
45101,5096,12,0
45101,4030,13,0
45101,5114,14,0
45101,5120,15,0
45101,4805,16,0
45101,5126,17,0
45101,5132,18,0
45101,5138,19,0
45101,5144,20,0
45101,5150,21,0
45101,5156,22,0
45101,1010,23,0
45101,1011,24,0
45101,8000,25,1
49000,8000,1,0
49000,8010,2,0
49000,8011,3,0
49000,8012,4,0
49000,8700,5,0
49000,8702,6,0
49000,8704,7,0
49000,8706,8,0
49000,8800,9,0
49000,8806,10,0
49000,8802,11,0
49000,8804,12,0
49000,8808,13,0
49000,8810,14,0
49000,8811,15,0
49000,8812,16,0
49000,8814,17,0
49000,8803,18,0
49000,8801,19,0
49000,8848,20,0
49000,8846,21,0
49000,8844,22,0
49000,8842,23,0
49000,7923,24,0
49000,7921,25,0
49000,7903,26,0
49000,7901,27,0
49000,7910,28,0
49000,7914,29,0
49000,7857,30,0
49000,7515,31,0
49000,7520,32,0
49000,7522,33,0
49000,7524,34,0
49000,7526,35,0
49000,7516,36,0
49000,7436,37,0
49000,7438,38,0
49000,7872,39,0
49000,7874,40,0
49000,8605,41,0
49000,8108,42,1
49100,8000,1,0
49100,8101,2,0
49100,8107,3,0
49100,8109,4,0
49100,8113,5,0
49100,8117,6,0
49100,8115,7,0
49100,8317,8,0
49100,8319,9,0
49100,7604,10,0
49100,7602,11,0
49100,7600,12,0
49100,7862,13,0
49100,7506,14,0
49100,7807,15,0
49100,7900,16,0
49100,7910,17,0
49100,7914,18,0
49100,7857,19,0
49100,7508,20,0
49100,7510,21,0
49100,7512,22,0
49100,7514,23,0
49100,7516,24,0
49100,7518,25,0
49100,7406,26,0
49100,7432,27,0
49100,7306,28,0
49100,7308,29,0
49100,7310,30,0
49100,7312,31,0
49100,7318,32,0
49100,7324,33,0
49100,7330,34,0
49100,7205,35,0
49100,7211,36,0
49100,7229,37,0
49100,7701,38,0
49100,7703,39,0
49100,7705,40,0
49100,7707,41,0
49100,8138,42,0
49100,8123,43,0
49100,8116,44,0
49100,8114,45,0
49100,8110,46,0
49100,8108,47,1
49200,8000,1,0
49200,8101,2,0
49200,8107,3,0
49200,8109,4,0
49200,1013,5,0
49200,1014,6,0
49200,1002,7,0
49200,1005,8,0
49200,1006,9,0
49200,1012,10,0
49200,9005,11,0
49200,9015,12,0
49200,9016,13,0
49200,9017,14,0
49200,9023,15,0
49200,9025,16,0
49200,9029,17,0
49200,9157,18,0
49200,9159,19,0
49200,9206,20,0
49200,9219,21,0
49200,9225,22,0
49200,9229,23,0
49200,9233,24,0
49200,9235,25,0
49200,9237,26,0
49200,9239,27,0
49200,9160,28,0
49200,7199,29,0
49200,7195,30,0
49200,7112,31,0
49200,7118,32,0
49200,7119,33,0
49200,7122,34,0
49200,7124,35,0
49200,7011,36,0
49200,7017,37,0
49200,7023,38,0
49200,7029,39,0
49200,1042,40,0
49200,1048,41,0
49200,1054,42,0
49200,1060,43,0
49200,1068,44,0
49200,1052,45,0
49200,1033,46,0
49200,1019,47,0
49200,1107,48,0
49200,1001,49,0
49200,1004,50,0
49200,1010,51,0
49200,1011,52,0
49200,8111,53,0
49200,8110,54,0
49200,8108,55,1
49300,8000,1,0
49300,8101,2,0
49300,8107,3,0
49300,8109,4,0
49300,8105,5,0
49300,7103,6,0
49300,7105,7,0
49300,7011,8,0
49300,7017,9,0
49300,7023,10,0
49300,7029,11,0
49300,1042,12,0
49300,1048,13,0
49300,1054,14,0
49300,1060,15,0
49300,1068,16,0
49300,1071,17,0
49300,1077,18,0
49300,1085,19,0
49300,1087,20,0
49300,1002,21,0
49300,2001,22,0
49300,6079,23,0
49300,6085,24,0
49300,6091,25,0
49300,6097,26,0
49300,6103,27,0
49300,6109,28,0
49300,6115,29,0
49300,6121,30,0
49300,6090,31,0
49300,6041,32,0
49300,6047,33,0
49300,6053,34,0
49300,6059,35,0
49300,6065,36,0
49300,4006,37,0
49300,6048,38,0
49300,6054,39,0
49300,6060,40,0
49300,6066,41,0
49300,6072,42,0
49300,1004,43,0
49300,1088,44,0
49300,1084,45,0
49300,1072,46,0
49300,1090,47,0
49300,1094,48,0
49300,1096,49,0
49300,1099,50,0
49300,7006,51,0
49300,7012,52,0
49300,7018,53,0
49300,7024,54,0
49300,7106,55,0
49300,7104,56,0
49300,7102,57,0
49300,8111,58,0
49300,8110,59,0
49300,8108,60,1
49400,8000,1,0
49400,1013,2,0
49400,1014,3,0
49400,5005,4,0
49400,5011,5,0
49400,5023,6,0
49400,5029,7,0
49400,5035,8,0
49400,4036,9,0
49400,5041,10,0
49400,5049,11,0
49400,5051,12,0
49400,5053,13,0
49400,5065,14,0
49400,5071,15,0
49400,5077,16,0
49400,5083,17,0
49400,5089,18,0
49400,5095,19,0
49400,5101,20,0
49400,5107,21,0
49400,5109,22,0
49400,5111,23,0
49400,5115,24,0
49400,5149,25,0
49400,4000,26,0
49400,6006,27,0
49400,6012,28,0
49400,4913,29,0
49400,4934,30,0
49400,4936,31,0
49400,4938,32,0
49400,9461,33,0
49400,9353,34,0
49400,9180,35,0
49400,9184,36,0
49400,9048,37,0
49400,1107,38,0
49400,1001,39,0
49400,1004,40,0
49400,8013,41,0
49400,8009,42,1
