'Blocking-Saturday-41-SCT-MDW24-0000010',41100,244500,4,'',1
'Blocking-Saturday-43-SCT-MDW24-0000010',41100,244500,4,'',1
'Blocking-Saturday-47-SCT-MDW24-0000010',41100,244500,4,'',1
'Blocking-Sunday-42-SCT-MDW24-0000001',41100,204500,4,'',1
'Blocking-Sunday-48-SCT-MDW24-0000001',41100,204500,4,'',1
'Blocking-Weekday-40-SCT-MDW24-1111100',41100,244500,4,'',1
'Blocking-Weekday-44-SCT-MDW24-1111100',41100,244500,4,'',1
'Blocking-Weekday-45-SCT-MDW24-1111100',41100,244500,4,'',1
'Blocking-Weekday-40-SCT-MDW24-1111100',420019,70000,0,'''Bethel''',1,3000,0,'''Bethel''',1,7000,0,'''Bethel''',1,3000,0,'''Bethel''',1,7000,0,'''Bethel''',1,3000,0,'''Bethel''',1,7000,0,'''Bethel''',1,3000,0,'''Bethel''',1,7000,0,'''Bethel''',1,3000,0,'''Bethel''',1,7000,0,'''Bethel''',1,3000,0,'''Bethel''',1,7000,0,'''Bethel''',1,3000,0,'''Bethel''',1,7000,0,'''Bethel''',1,3000,0,'''Bethel''',1,7000,0,'''Bethel''',1,3000,0,'''Bethel''',1,7000,0,'''Bethel''',1,3000,0,'''Bethel''',1,7000,0,'''Bethel''',1,3000,0,'''Bethel''',1,7000,0,'''Bethel''',1,3000,0,'''Bethel''',1,7000,0,'''Bethel''',1
'Blocking-Weekday-40-SCT-MDW24-1111100',420029,70000,4,'',1,3000,4,'',1,7000,4,'',1,3000,4,'',1,7000,4,'',1,3000,4,'',1,7000,4,'',1,3000,4,'',1,7000,4,'',1,3000,4,'',1,7000,4,'',1,3000,4,'',1,7000,4,'',1,3000,4,'',1,7000,4,'',1,3000,4,'',1,7000,4,'',1,3000,4,'',1,7000,4,'',1,3000,4,'',1,7000,4,'',1,3000,4,'',1,7000,4,'',1,3000,4,'',1,7000,4,'',1
'Blocking-Weekday-44-SCT-MDW24-1111100',420019,70000,0,'''Bethel''',1,3000,0,'''Bethel''',1,7000,0,'''Bethel''',1,3000,0,'''Bethel''',1,7000,0,'''Bethel''',1,3000,0,'''Bethel''',1,7000,0,'''Bethel''',1,3000,0,'''Bethel''',1,7000,0,'''Bethel''',1,3000,0,'''Bethel''',1,7000,0,'''Bethel''',1,3000,0,'''Bethel''',1,7000,0,'''Bethel''',1,3000,0,'''Bethel''',1,7000,0,'''Bethel''',1,3000,0,'''Bethel''',1,7000,0,'''Bethel''',1,3000,0,'''Bethel''',1,7000,0,'''Bethel''',1,3000,0,'''Bethel''',1,7000,0,'''Bethel''',1,3000,0,'''Bethel''',1,7000,0,'''Bethel''',1,3000,0,'''Bethel''',1,7000,0,'''Bethel''',1
'Blocking-Weekday-44-SCT-MDW24-1111100',420029,70000,4,'',1,3000,4,'',1,7000,4,'',1,3000,4,'',1,7000,4,'',1,3000,4,'',1,7000,4,'',1,3000,4,'',1,7000,4,'',1,3000,4,'',1,7000,4,'',1,3000,4,'',1,7000,4,'',1,3000,4,'',1,7000,4,'',1,3000,4,'',1,7000,4,'',1,3000,4,'',1,7000,4,'',1,3000,4,'',1,7000,4,'',1,3000,4,'',1,7000,4,'',1,3000,4,'',1,7000,4,'',1
'Blocking-Weekday-45-SCT-MDW24-1111100',420019,70000,0,'''Bethel''',1,3000,0,'''Bethel''',1,7000,0,'''Bethel''',1,3000,0,'''Bethel''',1,7000,0,'''Bethel''',1,3000,0,'''Bethel''',1,7000,0,'''Bethel''',1,3000,0,'''Bethel''',1,7000,0,'''Bethel''',1,3000,0,'''Bethel''',1,7000,0,'''Bethel''',1,3000,0,'''Bethel''',1,7000,0,'''Bethel''',1,3000,0,'''Bethel''',1,7000,0,'''Bethel''',1,3000,0,'''Bethel''',1,7000,0,'''Bethel''',1,3000,0,'''Bethel''',1,7000,0,'''Bethel''',1,3000,0,'''Bethel''',1,7000,0,'''Bethel''',1,3000,0,'''Bethel''',1,7000,0,'''Bethel''',1,3000,0,'''Bethel''',1,7000,0,'''Bethel''',1
'Blocking-Weekday-45-SCT-MDW24-1111100',420029,70000,4,'',1,3000,4,'',1,7000,4,'',1,3000,4,'',1,7000,4,'',1,3000,4,'',1,7000,4,'',1,3000,4,'',1,7000,4,'',1,3000,4,'',1,7000,4,'',1,3000,4,'',1,7000,4,'',1,3000,4,'',1,7000,4,'',1,3000,4,'',1,7000,4,'',1,3000,4,'',1,7000,4,'',1,3000,4,'',1,7000,4,'',1,3000,4,'',1,7000,4,'',1,3000,4,'',1,7000,4,'',1
'Blocking-Weekday-46-SCT-MDW24-1111100',420019,70000,0,'''Bethel''',1,3000,0,'''Bethel''',1,7000,0,'''Bethel''',1,3000,0,'''Bethel''',1,7000,0,'''Bethel''',1,3000,0,'''Bethel''',1,7000,0,'''Bethel''',1,3000,0,'''Bethel''',1,7000,0,'''Bethel''',1,3000,0,'''Bethel''',1,7000,0,'''Bethel''',1,3000,0,'''Bethel''',1,7000,0,'''Bethel''',1,3000,0,'''Bethel''',1,7000,0,'''Bethel''',1,3000,0,'''Bethel''',1,7000,0,'''Bethel''',1,3000,0,'''Bethel''',1,7000,0,'''Bethel''',1,3000,0,'''Bethel''',1,7000,0,'''Bethel''',1,3000,0,'''Bethel''',1,7000,0,'''Bethel''',1,3000,0,'''Bethel''',1,7000,0,'''Bethel''',1
'Blocking-Weekday-46-SCT-MDW24-1111100',420029,70000,4,'',1,3000,4,'',1,7000,4,'',1,3000,4,'',1,7000,4,'',1,3000,4,'',1,7000,4,'',1,3000,4,'',1,7000,4,'',1,3000,4,'',1,7000,4,'',1,3000,4,'',1,7000,4,'',1,3000,4,'',1,7000,4,'',1,3000,4,'',1,7000,4,'',1,3000,4,'',1,7000,4,'',1,3000,4,'',1,7000,4,'',1,3000,4,'',1,7000,4,'',1,3000,4,'',1,7000,4,'',1
'Blocking-Weekday-50-SCT-MDW24-1111100',420019,70000,0,'''Bethel''',1,3000,0,'''Bethel''',1,7000,0,'''Bethel''',1,3000,0,'''Bethel''',1,7000,0,'''Bethel''',1,3000,0,'''Bethel''',1,7000,0,'''Bethel''',1,3000,0,'''Bethel''',1,7000,0,'''Bethel''',1,3000,0,'''Bethel''',1,7000,0,'''Bethel''',1,3000,0,'''Bethel''',1,7000,0,'''Bethel''',1,3000,0,'''Bethel''',1,7000,0,'''Bethel''',1,3000,0,'''Bethel''',1,7000,0,'''Bethel''',1,3000,0,'''Bethel''',1,7000,0,'''Bethel''',1,3000,0,'''Bethel''',1,7000,0,'''Bethel''',1,3000,0,'''Bethel''',1,7000,0,'''Bethel''',1,3000,0,'''Bethel''',1,7000,0,'''Bethel''',1
'Blocking-Weekday-50-SCT-MDW24-1111100',420029,70000,4,'',1,3000,4,'',1,7000,4,'',1,3000,4,'',1,7000,4,'',1,3000,4,'',1,7000,4,'',1,3000,4,'',1,7000,4,'',1,3000,4,'',1,7000,4,'',1,3000,4,'',1,7000,4,'',1,3000,4,'',1,7000,4,'',1,3000,4,'',1,7000,4,'',1,3000,4,'',1,7000,4,'',1,3000,4,'',1,7000,4,'',1,3000,4,'',1,7000,4,'',1,3000,4,'',1,7000,4,'',1
'Blocking-Weekday-51-SCT-MDW24-1111100',420019,70000,0,'''Bethel''',1,3000,0,'''Bethel''',1,7000,0,'''Bethel''',1,3000,0,'''Bethel''',1,7000,0,'''Bethel''',1,3000,0,'''Bethel''',1,7000,0,'''Bethel''',1,3000,0,'''Bethel''',1,7000,0,'''Bethel''',1,3000,0,'''Bethel''',1,7000,0,'''Bethel''',1,3000,0,'''Bethel''',1,7000,0,'''Bethel''',1,3000,0,'''Bethel''',1,7000,0,'''Bethel''',1,3000,0,'''Bethel''',1,7000,0,'''Bethel''',1,3000,0,'''Bethel''',1,7000,0,'''Bethel''',1,3000,0,'''Bethel''',1,7000,0,'''Bethel''',1,3000,0,'''Bethel''',1,7000,0,'''Bethel''',1,3000,0,'''Bethel''',1,7000,0,'''Bethel''',1
'Blocking-Weekday-51-SCT-MDW24-1111100',420029,70000,4,'',1,3000,4,'',1,7000,4,'',1,3000,4,'',1,7000,4,'',1,3000,4,'',1,7000,4,'',1,3000,4,'',1,7000,4,'',1,3000,4,'',1,7000,4,'',1,3000,4,'',1,7000,4,'',1,3000,4,'',1,7000,4,'',1,3000,4,'',1,7000,4,'',1,3000,4,'',1,7000,4,'',1,3000,4,'',1,7000,4,'',1,3000,4,'',1,7000,4,'',1,3000,4,'',1,7000,4,'',1
