'Blocking-Weekday-40-SCT-FAL23-1111100',401019,61200,4,'',1,3000,4,'',1,7000,4,'',1,3000,4,'',1,7000,4,'',1,3000,4,'',1,7000,4,'',1,3000,4,'',1,10000,4,'',1,10000,4,'',1,10000,4,'',1,10000,4,'',1,10000,4,'',1,10000,4,'',1,7000,4,'',1,3000,4,'',1,7300,4,'',1,3000,4,'',1,6700,4,'',1,3000,4,'',1,7000,4,'',1
'Blocking-Weekday-40-SCT-FAL23-1111100',401029,61200,,'',1,3000,,'',1,7000,,'',1,3000,,'',1,7000,,'',1,3000,,'',1,7000,,'',1,3000,,'',1,10000,,'',1,10000,,'',1,10000,,'',1,10000,,'',1,10000,,'',1,9500,,'',1,6800,,'',1,3000,,'',1,7000,,'',1,3500,,'',1,7200,,'',1,3000,,'',1,7000,,'',1
'Blocking-Weekday-44-SCT-FAL23-1111100',401019,61200,4,'',1,3000,4,'',1,7000,4,'',1,3000,4,'',1,7000,4,'',1,3000,4,'',1,7000,4,'',1,3000,4,'',1,10000,4,'',1,10000,4,'',1,10000,4,'',1,10000,4,'',1,10000,4,'',1,10000,4,'',1,7000,4,'',1,3000,4,'',1,7300,4,'',1,3000,4,'',1,6700,4,'',1,3000,4,'',1,7000,4,'',1
'Blocking-Weekday-44-SCT-FAL23-1111100',401029,61200,,'',1,3000,,'',1,7000,,'',1,3000,,'',1,7000,,'',1,3000,,'',1,7000,,'',1,3000,,'',1,10000,,'',1,10000,,'',1,10000,,'',1,10000,,'',1,10000,,'',1,9500,,'',1,6800,,'',1,3000,,'',1,7000,,'',1,3500,,'',1,7200,,'',1,3000,,'',1,7000,,'',1
'Blocking-Saturday-41-SCT-FAL23-0000010',41100,74300,4,'',1,10000,4,'',1,10000,4,'',1,10000,4,'',1,10000,4,'',1,10000,4,'',1,10000,4,'',1,10000,4,'',1,10000,4,'',1,10000,4,'',1,10000,4,'',1,10000,4,'',1,10000,4,'',1,10000,4,'',1,10000,4,'',1,10000,4,'',1,10000,4,'',1
'Blocking-Saturday-41-SCT-FAL23-0000010',41101,74300,,'',1,10000,,'',1,10000,,'',1,10000,,'',1,10000,,'',1,10000,,'',1,10000,,'',1,10000,,'',1,10000,,'',1,10000,,'',1,10000,,'',1,10000,,'',1,10000,,'',1,10000,,'',1,10000,,'',1,10000,,'',1,10000,,'',1
'Blocking-Saturday-43-SCT-FAL23-0000010',41100,74300,4,'',1,10000,4,'',1,10000,4,'',1,10000,4,'',1,10000,4,'',1,10000,4,'',1,10000,4,'',1,10000,4,'',1,10000,4,'',1,10000,4,'',1,10000,4,'',1,10000,4,'',1,10000,4,'',1,10000,4,'',1,10000,4,'',1,10000,4,'',1,10000,4,'',1
'Blocking-Saturday-43-SCT-FAL23-0000010',41101,74300,,'',1,10000,,'',1,10000,,'',1,10000,,'',1,10000,,'',1,10000,,'',1,10000,,'',1,10000,,'',1,10000,,'',1,10000,,'',1,10000,,'',1,10000,,'',1,10000,,'',1,10000,,'',1,10000,,'',1,10000,,'',1,10000,,'',1
'Blocking-Saturday-49-SCT-SUM23-0000010',41100,74300,4,'',1,10000,4,'',1,10000,4,'',1,10000,4,'',1,10000,4,'',1,10000,4,'',1,10000,4,'',1,10000,4,'',1,10000,4,'',1,10000,4,'',1,10000,4,'',1,10000,4,'',1,10000,4,'',1,10000,4,'',1,10000,4,'',1,10000,4,'',1,10000,4,'',1
'Blocking-Saturday-49-SCT-SUM23-0000010',41101,74300,,'',1,10000,,'',1,10000,,'',1,10000,,'',1,10000,,'',1,10000,,'',1,10000,,'',1,10000,,'',1,10000,,'',1,10000,,'',1,10000,,'',1,10000,,'',1,10000,,'',1,10000,,'',1,10000,,'',1,10000,,'',1,10000,,'',1
'Blocking-Sunday-42-SCT-FAL23-0000001',41100,84300,4,'',1,10000,4,'',1,10000,4,'',1,10000,4,'',1,10000,4,'',1,10000,4,'',1,10000,4,'',1,10000,4,'',1,10000,4,'',1,10000,4,'',1,10000,4,'',1,10000,4,'',1
'Blocking-Sunday-42-SCT-FAL23-0000001',41101,84300,,'',1,10000,,'',1,10000,,'',1,10000,,'',1,10000,,'',1,10000,,'',1,10000,,'',1,10000,,'',1,10000,,'',1,10000,,'',1,10000,,'',1,10000,,'',1
'Blocking-Weekday-40-SCT-FAL23-1111100',41100,61100,4,'',1,2000,4,'',1,1500,4,'',1,5500,4,'',1,1500,4,'',1,1500,4,'',1,1500,4,'',1,5500,4,'',1,1500,4,'',1,1500,4,'',1,1500,4,'',1,5500,4,'',1,1500,4,'',1,1000,4,'',1,1700,4,'',1,7000,4,'',1,3000,4,'',1,7000,4,'',1,3000,4,'',1,7000,4,'',1,3000,4,'',1,7000,4,'',1,3000,4,'',1,7000,4,'',1,3000,4,'',1,7000,4,'',1,3200,4,'',1,7000,4,'',1,3000,4,'',1,5500,4,'',1,1500,4,'',1,1500,4,'',1,1500,4,'',1,5500,4,'',1,1500,4,'',1,2800,4,'',1,7000,4,'',1,3000,4,'',1,10000,4,'',1,10000,4,'',1,10000,4,'',1,10000,4,'',1
'Blocking-Weekday-40-SCT-FAL23-1111100',41101,61100,,'',1,2600,,'',1,1500,,'',1,5500,,'',1,1500,,'',1,1500,,'',1,1500,,'',1,5500,,'',1,3000,,'',1,7000,,'',1,3100,,'',1,7000,,'',1,3000,,'',1,7000,,'',1,3000,,'',1,7000,,'',1,3000,,'',1,7000,,'',1,3000,,'',1,6700,,'',1,3000,,'',1,7000,,'',1,1300,,'',1,1500,,'',1,1200,,'',1,5500,,'',1,1500,,'',1,1500,,'',1,1500,,'',1,5500,,'',1,1500,,'',1,1500,,'',1,7800,,'',1,3500,,'',1,10000,,'',1,10000,,'',1,10000,,'',1,10000,,'',1,10000,,'',1
'Blocking-Weekday-44-SCT-FAL23-1111100',41100,61100,4,'',1,2000,4,'',1,1500,4,'',1,5500,4,'',1,1500,4,'',1,1500,4,'',1,1500,4,'',1,5500,4,'',1,1500,4,'',1,1500,4,'',1,1500,4,'',1,5500,4,'',1,1500,4,'',1,1000,4,'',1,1700,4,'',1,7000,4,'',1,3000,4,'',1,7000,4,'',1,3000,4,'',1,7000,4,'',1,3000,4,'',1,7000,4,'',1,3000,4,'',1,7000,4,'',1,3000,4,'',1,7000,4,'',1,3200,4,'',1,7000,4,'',1,3000,4,'',1,5500,4,'',1,1500,4,'',1,1500,4,'',1,1500,4,'',1,5500,4,'',1,1500,4,'',1,2800,4,'',1,7000,4,'',1,3000,4,'',1,10000,4,'',1,10000,4,'',1,10000,4,'',1,10000,4,'',1
'Blocking-Weekday-44-SCT-FAL23-1111100',41101,61100,,'',1,2600,,'',1,1500,,'',1,5500,,'',1,1500,,'',1,1500,,'',1,1500,,'',1,5500,,'',1,3000,,'',1,7000,,'',1,3100,,'',1,7000,,'',1,3000,,'',1,7000,,'',1,3000,,'',1,7000,,'',1,3000,,'',1,7000,,'',1,3000,,'',1,6700,,'',1,3000,,'',1,7000,,'',1,1300,,'',1,1500,,'',1,1200,,'',1,5500,,'',1,1500,,'',1,1500,,'',1,1500,,'',1,5500,,'',1,1500,,'',1,1500,,'',1,7800,,'',1,3500,,'',1,10000,,'',1,10000,,'',1,10000,,'',1,10000,,'',1,10000,,'',1
