40100,4000,1,0
40100,2816,2,0
40100,2551,3,0
40100,2329,4,0
40100,1457,5,0
40100,1321,6,0
40100,1364,7,0
40100,11334,8,0
40100,1983,9,0
40100,11095,10,0
40100,1824,11,0
40100,1679,12,0
40100,11444,13,0
40100,1915,14,0
40100,1439,15,0
40100,1292,16,0
40100,1542,17,0
40100,2196,18,0
40100,2255,19,0
40100,2454,20,1
40300,4000,1,0
40300,4200,2,0
40300,2816,3,0
40300,2551,4,0
40300,2329,5,0
40300,1728,6,0
40300,1991,7,0
40300,1309,8,0
40300,1794,9,0
40300,1711,10,1
40301,1964,1,0
40301,1941,2,0
40301,1303,3,0
40301,1792,4,0
40301,1629,5,0
40301,1525,6,0
40301,2196,7,0
40301,2255,8,0
40301,2454,9,0
40301,4200,10,0
40301,4000,11,1
40400,4000,1,0
40400,4201,2,0
40400,2816,3,0
40400,2159,4,0
40400,2131,5,0
40400,2845,6,0
40400,2752,7,0
40400,2638,8,0
40400,2625,9,0
40400,2003,10,0
40400,22720,11,0
40400,2410,12,0
40400,2722,13,0
40400,2848,14,0
40400,2255,15,0
40400,2454,16,1
41100,8213,1,0
41100,8000,2,0
41100,8004,3,0
41100,4370,4,0
41100,4376,5,0
41100,2158,6,0
41100,2289,7,0
41100,22224,8,0
41100,1457,9,0
41100,1321,10,0
41100,1364,11,0
41100,11334,12,0
41100,1983,13,0
41100,11095,14,0
41100,1824,15,1
41101,1824,1,0
41101,1679,2,0
41101,11444,3,0
41101,1915,4,0
41101,1439,5,0
41101,1292,6,0
41101,1542,7,0
41101,22225,8,0
41101,2437,9,0
41101,4605,10,0
41101,4611,11,0
41101,4617,12,0
41101,8005,13,0
41101,8000,14,0
41101,8213,15,1
41300,8000,1,0
41300,8004,2,0
41300,1728,3,0
41300,1991,4,0
41300,1309,5,0
41300,1794,6,0
41300,1711,7,0
41300,1959,8,0
41300,1851,9,0
41300,11095,10,0
41300,1702,11,0
41300,1899,12,0
41300,1227,13,1
41301,1223,1,0
41301,1987,2,0
41301,1557,3,0
41301,11094,4,0
41301,1980,5,0
41301,1964,6,0
41301,1941,7,0
41301,1303,8,0
41301,1792,9,0
41301,1629,10,0
41301,1525,11,0
41301,8005,12,0
41301,8000,13,1
41400,8000,1,0
41400,8004,2,0
41400,2289,3,0
41400,22224,4,0
41400,2575,5,0
41400,2077,6,0
41400,2501,7,0
41400,2515,8,0
41400,2940,9,0
41400,2920,10,0
41400,2666,11,0
41400,2844,12,0
41400,2890,13,0
41400,8202,14,0
41400,2003,15,1
41401,2003,1,0
41401,8005,2,0
41401,8000,3,0
41401,8202,4,1
42000,8205,1,0
42000,8000,2,0
42000,8010,3,0
42000,8011,4,0
42000,8012,5,0
42000,8700,6,0
42000,8702,7,0
42000,8704,8,0
42000,8706,9,0
42000,8800,10,0
42000,8806,11,0
42000,8802,12,0
42000,8804,13,0
42000,8808,14,0
42000,8810,15,0
42000,8811,16,0
42000,8812,17,0
42000,8814,18,0
42000,8816,19,0
42000,8803,20,0
42000,8801,21,0
42000,8707,22,0
42000,8705,23,0
42000,8703,24,0
42000,8701,25,0
42000,8013,26,0
42000,8009,27,1
43000,8201,1,0
43000,8000,2,0
43000,8101,3,0
43000,8107,4,0
43000,8109,5,0
43000,8112,6,0
43000,8304,7,0
43000,8848,8,0
43000,8846,9,0
43000,8844,10,0
43000,8842,11,0
43000,7923,12,0
43000,7921,13,0
43000,7903,14,0
43000,7901,15,0
43000,7910,16,0
43000,7914,17,0
43000,7857,18,0
43000,7508,19,0
43000,7510,20,0
43000,7512,21,0
43000,7514,22,0
43000,7516,23,0
43000,7436,24,0
43000,7438,25,0
43000,7601,26,0
43000,7603,27,0
43000,7605,28,0
43000,8322,29,0
43000,8320,30,0
43000,8118,31,0
43000,8116,32,0
43000,8114,33,0
43000,8110,34,0
43000,8108,35,1
43100,8200,1,0
43100,8000,2,0
43100,8101,3,0
43100,8107,4,0
43100,8109,5,0
43100,8113,6,0
43100,8117,7,0
43100,8115,8,0
43100,8317,9,0
43100,8319,10,0
43100,7604,11,0
43100,7602,12,0
43100,7600,13,0
43100,7437,14,0
43100,7435,15,0
43100,7515,16,0
43100,7513,17,0
43100,7511,18,0
43100,7509,19,0
43100,7506,20,0
43100,7807,21,0
43100,7900,22,0
43100,7902,23,0
43100,7904,24,0
43100,7920,25,0
43100,7922,26,0
43100,8847,27,0
43100,8849,28,0
43100,8305,29,0
43100,8110,30,0
43100,8108,31,1
43200,8000,1,0
43200,8216,2,0
43200,8101,3,0
43200,8106,4,0
43200,8604,5,0
43200,8304,6,0
43200,8851,7,0
43200,7873,8,0
43200,7870,9,0
43200,7862,10,0
43200,7508,11,0
43200,7510,12,0
43200,7512,13,0
43200,7520,14,0
43200,7522,15,0
43200,7524,16,0
43200,7526,17,0
43200,7516,18,0
43200,7518,19,0
43200,7872,20,0
43200,7874,21,0
43200,8605,22,0
43200,8108,23,1
43300,8000,1,0
43300,8207,2,0
43300,8101,3,0
43300,8107,4,0
43300,8109,5,0
43300,8113,6,0
43300,8124,7,0
43300,8135,8,0
43300,7706,9,0
43300,7704,10,0
43300,7702,11,0
43300,7700,12,0
43300,7272,13,0
43300,7290,14,0
43300,7296,15,0
43300,7323,16,0
43300,7321,17,0
43300,7319,18,0
43300,7317,19,0
43300,7315,20,0
43300,7313,21,0
43300,7433,22,0
43300,7431,23,0
43300,7701,24,0
43300,7703,25,0
43300,7705,26,0
43300,7707,27,0
43300,8138,28,0
43300,8123,29,0
43300,8116,30,0
43300,8114,31,0
43300,8110,32,0
43300,8108,33,1
44000,8000,1,0
44000,8208,2,0
44000,7103,3,0
44000,7105,4,0
44000,1090,5,0
44000,1094,6,0
44000,1096,7,0
44000,1099,8,0
44000,7006,9,0
44000,7012,10,0
44000,7018,11,0
44000,7024,12,0
44000,7199,13,0
44000,7195,14,0
44000,7112,15,0
44000,7118,16,0
44000,7119,17,0
44000,7122,18,0
44000,7124,19,0
44000,7106,20,0
44000,7104,21,0
44000,7011,22,0
44000,7017,23,0
44000,7023,24,0
44000,7029,25,0
44000,1042,26,0
44000,1048,27,0
44000,1054,28,0
44000,1060,29,0
44000,1068,30,0
44000,7102,31,1
44100,8211,1,0
44100,8000,2,0
44100,7103,3,0
44100,7105,4,0
44100,9150,5,0
44100,9240,6,0
44100,9238,7,0
44100,9236,8,0
44100,9234,9,0
44100,9228,10,0
44100,9224,11,0
44100,9222,12,0
44100,9223,13,0
44100,9117,14,0
44100,9115,15,0
44100,9352,16,0
44100,4939,17,0
44100,4937,18,0
44100,4935,19,0
44100,4933,20,0
44100,4206,21,0
44100,4000,22,1
44101,4000,1,0
44101,4206,2,0
44101,4913,3,0
44101,4934,4,0
44101,4936,5,0
44101,4938,6,0
44101,9461,7,0
44101,9353,8,0
44101,9157,9,0
44101,9159,10,0
44101,9206,11,0
44101,9219,12,0
44101,9225,13,0
44101,9229,14,0
44101,9233,15,0
44101,9235,16,0
44101,9237,17,0
44101,9239,18,0
44101,9160,19,0
44101,7106,20,0
44101,7104,21,0
44101,7102,22,0
44101,8000,23,0
44101,8211,24,1
44200,8000,1,0
44200,8215,2,0
44200,1013,3,0
44200,1014,4,0
44200,1002,5,0
44200,1005,6,0
44200,1006,7,0
44200,1012,8,0
44200,9005,9,0
44200,9015,10,0
44200,9016,11,0
44200,9017,12,0
44200,9023,13,0
44200,9025,14,0
44200,9029,15,0
44200,9180,16,0
44200,9184,17,0
44200,9048,18,0
44200,1107,19,0
44200,1001,20,0
44200,1004,21,0
44200,1010,22,0
44200,1011,23,1
44300,8000,1,0
44300,8207,2,0
44300,1013,3,0
44300,1088,4,0
44300,1084,5,0
44300,1072,6,0
44300,1052,7,0
44300,1033,8,0
44300,1019,9,0
44300,1107,10,0
44300,1007,11,0
44300,1008,12,0
44300,6079,13,0
44300,6085,14,0
44300,6091,15,0
44300,6097,16,0
44300,6103,17,0
44300,6109,18,0
44300,6115,19,0
44300,6121,20,0
44300,6090,21,0
44300,6041,22,0
44300,6047,23,0
44300,6053,24,0
44300,6059,25,0
44300,6065,26,0
44300,5149,27,0
44300,4205,28,0
44300,4000,29,1
44301,4000,1,0
44301,4205,2,0
44301,6006,3,0
44301,6012,4,0
44301,6018,5,0
44301,6024,6,0
44301,6030,7,0
44301,6036,8,0
44301,6127,9,0
44301,6102,10,0
44301,6108,11,0
44301,6126,12,0
44301,6132,13,0
44301,6138,14,0
44301,6144,15,0
44301,6150,16,0
44301,6156,17,0
44301,1009,18,0
44301,1005,19,0
44301,1006,20,0
44301,1012,21,0
44301,1018,22,0
44301,1024,23,0
44301,1030,24,0
44301,1038,25,0
44301,1071,26,0
44301,1077,27,0
44301,1085,28,0
44301,1087,29,0
44301,1010,30,0
44301,1011,31,0
44301,8207,32,0
44301,8000,33,1
45000,8000,1,0
45000,8206,2,0
45000,8101,3,0
45000,8107,4,0
45000,8109,5,0
45000,8105,6,0
45000,1013,7,0
45000,1014,8,0
45000,1002,9,0
45000,2001,10,0
45000,6048,11,0
45000,6054,12,0
45000,6060,13,0
45000,6066,14,0
45000,6072,15,0
45000,1004,16,0
45000,1010,17,0
45000,1011,18,0
45000,8111,19,0
45000,8110,20,0
45000,8108,21,1
45100,8000,1,0
45100,8214,2,0
45100,1013,3,0
45100,1014,4,0
45100,5005,5,0
45100,5011,6,0
45100,5023,7,0
45100,5029,8,0
45100,5035,9,0
45100,4036,10,0
45100,5041,11,0
45100,5047,12,0
45100,5065,13,0
45100,5071,14,0
45100,5077,15,0
45100,5083,16,0
45100,5089,17,0
45100,5095,18,0
45100,5101,19,0
45100,5107,20,0
45100,5109,21,0
45100,5111,22,0
45100,5115,23,0
45100,5149,24,0
45100,4204,25,0
45100,4000,26,1
45101,4000,1,0
45101,4204,2,0
45101,6006,3,0
45101,4006,4,0
45101,5040,5,0
45101,5044,6,0
45101,5046,7,0
45101,5048,8,0
45101,5054,9,0
45101,5072,10,0
45101,5078,11,0
45101,5090,12,0
45101,5096,13,0
45101,4030,14,0
45101,5114,15,0
45101,5120,16,0
45101,4805,17,0
45101,5126,18,0
45101,5132,19,0
45101,5138,20,0
45101,5144,21,0
45101,5150,22,0
45101,5156,23,0
45101,1010,24,0
45101,1011,25,0
45101,8214,26,0
45101,8000,27,1
49000,8000,1,0
49000,8203,2,0
49000,8010,3,0
49000,8011,4,0
49000,8012,5,0
49000,8700,6,0
49000,8702,7,0
49000,8704,8,0
49000,8706,9,0
49000,8800,10,0
49000,8806,11,0
49000,8802,12,0
49000,8804,13,0
49000,8808,14,0
49000,8810,15,0
49000,8811,16,0
49000,8812,17,0
49000,8814,18,0
49000,8803,19,0
49000,8801,20,0
49000,8848,21,0
49000,8846,22,0
49000,8844,23,0
49000,8842,24,0
49000,7923,25,0
49000,7921,26,0
49000,7903,27,0
49000,7901,28,0
49000,7910,29,0
49000,7914,30,0
49000,7857,31,0
49000,7515,32,0
49000,7520,33,0
49000,7522,34,0
49000,7524,35,0
49000,7526,36,0
49000,7516,37,0
49000,7436,38,0
49000,7438,39,0
49000,7872,40,0
49000,7874,41,0
49000,8605,42,0
49000,8108,43,1
49100,8204,1,0
49100,8000,2,0
49100,8101,3,0
49100,8107,4,0
49100,8109,5,0
49100,8113,6,0
49100,8117,7,0
49100,8115,8,0
49100,8317,9,0
49100,8319,10,0
49100,7604,11,0
49100,7602,12,0
49100,7600,13,0
49100,7862,14,0
49100,7506,15,0
49100,7807,16,0
49100,7900,17,0
49100,7910,18,0
49100,7914,19,0
49100,7857,20,0
49100,7508,21,0
49100,7510,22,0
49100,7512,23,0
49100,7514,24,0
49100,7516,25,0
49100,7518,26,0
49100,7406,27,0
49100,7432,28,0
49100,7306,29,0
49100,7308,30,0
49100,7310,31,0
49100,7312,32,0
49100,7318,33,0
49100,7324,34,0
49100,7330,35,0
49100,7205,36,0
49100,7211,37,0
49100,7229,38,0
49100,7701,39,0
49100,7703,40,0
49100,7705,41,0
49100,7707,42,0
49100,8138,43,0
49100,8123,44,0
49100,8116,45,0
49100,8114,46,0
49100,8110,47,0
49100,8108,48,1
49200,8000,1,0
49200,8205,2,0
49200,8101,3,0
49200,8107,4,0
49200,8109,5,0
49200,1013,6,0
49200,1014,7,0
49200,1002,8,0
49200,1005,9,0
49200,1006,10,0
49200,1012,11,0
49200,9005,12,0
49200,9015,13,0
49200,9016,14,0
49200,9017,15,0
49200,9023,16,0
49200,9025,17,0
49200,9029,18,0
49200,9157,19,0
49200,9159,20,0
49200,9206,21,0
49200,9219,22,0
49200,9225,23,0
49200,9229,24,0
49200,9233,25,0
49200,9235,26,0
49200,9237,27,0
49200,9239,28,0
49200,9160,29,0
49200,7199,30,0
49200,7195,31,0
49200,7112,32,0
49200,7118,33,0
49200,7119,34,0
49200,7122,35,0
49200,7124,36,0
49200,7011,37,0
49200,7017,38,0
49200,7023,39,0
49200,7029,40,0
49200,1042,41,0
49200,1048,42,0
49200,1054,43,0
49200,1060,44,0
49200,1068,45,0
49200,1052,46,0
49200,1033,47,0
49200,1019,48,0
49200,1107,49,0
49200,1001,50,0
49200,1004,51,0
49200,1010,52,0
49200,1011,53,0
49200,8111,54,0
49200,8110,55,0
49200,8108,56,1
49300,8000,1,0
49300,8206,2,0
49300,8101,3,0
49300,8107,4,0
49300,8109,5,0
49300,8105,6,0
49300,7103,7,0
49300,7105,8,0
49300,7011,9,0
49300,7017,10,0
49300,7023,11,0
49300,7029,12,0
49300,1042,13,0
49300,1048,14,0
49300,1054,15,0
49300,1060,16,0
49300,1068,17,0
49300,1071,18,0
49300,1077,19,0
49300,1085,20,0
49300,1087,21,0
49300,1002,22,0
49300,2001,23,0
49300,6079,24,0
49300,6085,25,0
49300,6091,26,0
49300,6097,27,0
49300,6103,28,0
49300,6109,29,0
49300,6115,30,0
49300,6121,31,0
49300,6090,32,0
49300,6041,33,0
49300,6047,34,0
49300,6053,35,0
49300,6059,36,0
49300,6065,37,0
49300,4006,38,0
49300,6048,39,0
49300,6054,40,0
49300,6060,41,0
49300,6066,42,0
49300,6072,43,0
49300,1004,44,0
49300,1088,45,0
49300,1084,46,0
49300,1072,47,0
49300,1090,48,0
49300,1094,49,0
49300,1096,50,0
49300,1099,51,0
49300,7006,52,0
49300,7012,53,0
49300,7018,54,0
49300,7024,55,0
49300,7106,56,0
49300,7104,57,0
49300,7102,58,0
49300,8111,59,0
49300,8110,60,0
49300,8108,61,1
49400,8000,1,0
49400,8206,2,0
49400,1013,3,0
49400,1014,4,0
49400,5005,5,0
49400,5011,6,0
49400,5023,7,0
49400,5029,8,0
49400,5035,9,0
49400,4036,10,0
49400,5041,11,0
49400,5049,12,0
49400,5051,13,0
49400,5053,14,0
49400,5065,15,0
49400,5071,16,0
49400,5077,17,0
49400,5083,18,0
49400,5089,19,0
49400,5095,20,0
49400,5101,21,0
49400,5107,22,0
49400,5109,23,0
49400,5111,24,0
49400,5115,25,0
49400,5149,26,0
49400,4206,27,0
49400,4000,28,0
49400,6006,29,0
49400,6012,30,0
49400,4913,31,0
49400,4934,32,0
49400,4936,33,0
49400,4938,34,0
49400,9461,35,0
49400,9353,36,0
49400,9180,37,0
49400,9184,38,0
49400,9048,39,0
49400,1107,40,0
49400,1001,41,0
49400,1004,42,0
49400,8013,43,0
49400,8009,44,1
1043300,8113,1,0
1043300,8124,2,0
1043300,8135,3,0
1043300,7706,4,0
1043300,7704,5,0
1043300,7702,6,0
1043300,7700,7,0
1043300,7272,8,0
1043300,7290,9,0
1043300,7296,10,0
1043300,7323,11,0
1043300,7321,12,0
1043300,7319,13,0
1043300,7317,14,0
1043300,7315,15,0
1043300,7313,16,0
1043300,7433,17,0
1043300,7431,18,0
1043300,7862,19,0
1043300,7506,20,0
1043300,7807,21,0
1043300,7900,22,0
1043300,7902,23,0
1043300,7904,24,0
1043300,7920,25,1
1043301,7921,1,0
1043301,7903,2,0
1043301,7901,3,0
1043301,7406,4,0
1043301,7432,5,0
1043301,7306,6,0
1043301,7308,7,0
1043301,7310,8,0
1043301,7312,9,0
1043301,7318,10,0
1043301,7324,11,0
1043301,7330,12,0
1043301,7205,13,0
1043301,7211,14,0
1043301,7229,15,0
1043301,7701,16,0
1043301,7703,17,0
1043301,7705,18,0
1043301,7707,19,0
1043301,8138,20,0
1043301,8123,21,0
1043301,8116,22,0
1043301,8114,23,1
1044101,8211,1,0
1044101,8000,2,0
1044101,7103,3,0
1044101,7105,4,0
1044101,9150,5,0
1044101,9240,6,0
1044101,9238,7,0
1044101,9236,8,0
1044101,9234,9,0
1044101,9228,10,0
1044101,9224,11,0
1044101,9222,12,0
1044101,9223,13,0
1044101,9117,14,0
1044101,9115,15,0
1044101,9160,16,0
1044101,7106,17,0
1044101,7104,18,0
1044101,7102,19,1
