'Blocking-Weekday-40-SCT-MDW24-1111100',401029,62200,0,'''Ordze''',1,3000,0,'''Ordze''',1,7000,0,'''Ordze''',1,3000,0,'''Ordze''',1,7000,0,'''Ordze''',1,3000,0,'''Ordze''',1,7000,0,'''Ordze''',1,3000,0,'''Ordze''',1,10000,0,'''Ordze''',1,10000,0,'''Ordze''',1,10000,0,'''Ordze''',1,10000,0,'''Ordze''',1,10000,0,'''Ordze''',1,10000,0,'''Ordze''',1,7000,0,'''Ordze''',1,3000,0,'''Ordze''',1,7000,0,'''Ordze''',1,3000,0,'''Ordze''',1,7000,0,'''Ordze''',1,3000,0,'''Ordze''',1,7000,0,'''Ordze''',1
'Blocking-Weekday-44-SCT-MDW24-1111100',401029,62200,0,'''Ordze''',1,3000,0,'''Ordze''',1,7000,0,'''Ordze''',1,3000,0,'''Ordze''',1,7000,0,'''Ordze''',1,3000,0,'''Ordze''',1,7000,0,'''Ordze''',1,3000,0,'''Ordze''',1,10000,0,'''Ordze''',1,10000,0,'''Ordze''',1,10000,0,'''Ordze''',1,10000,0,'''Ordze''',1,10000,0,'''Ordze''',1,10000,0,'''Ordze''',1,7000,0,'''Ordze''',1,3000,0,'''Ordze''',1,7000,0,'''Ordze''',1,3000,0,'''Ordze''',1,7000,0,'''Ordze''',1,3000,0,'''Ordze''',1,7000,0,'''Ordze''',1
'Blocking-Weekday-45-SCT-MDW24-1111100',401029,62200,0,'''Ordze''',1,3000,0,'''Ordze''',1,7000,0,'''Ordze''',1,3000,0,'''Ordze''',1,7000,0,'''Ordze''',1,3000,0,'''Ordze''',1,7000,0,'''Ordze''',1,3000,0,'''Ordze''',1,10000,0,'''Ordze''',1,10000,0,'''Ordze''',1,10000,0,'''Ordze''',1,10000,0,'''Ordze''',1,10000,0,'''Ordze''',1,10000,0,'''Ordze''',1,7000,0,'''Ordze''',1,3000,0,'''Ordze''',1,7000,0,'''Ordze''',1,3000,0,'''Ordze''',1,7000,0,'''Ordze''',1,3000,0,'''Ordze''',1,7000,0,'''Ordze''',1
'Blocking-Weekday-46-SCT-MDW24-1111100',401029,62200,0,'''Ordze''',1,3000,0,'''Ordze''',1,7000,0,'''Ordze''',1,3000,0,'''Ordze''',1,7000,0,'''Ordze''',1,3000,0,'''Ordze''',1,7000,0,'''Ordze''',1,3000,0,'''Ordze''',1,10000,0,'''Ordze''',1,10000,0,'''Ordze''',1,10000,0,'''Ordze''',1,10000,0,'''Ordze''',1,10000,0,'''Ordze''',1,10000,0,'''Ordze''',1,7000,0,'''Ordze''',1,3000,0,'''Ordze''',1,7000,0,'''Ordze''',1,3000,0,'''Ordze''',1,7000,0,'''Ordze''',1,3000,0,'''Ordze''',1,7000,0,'''Ordze''',1
'Blocking-Weekday-50-SCT-MDW24-1111100',401029,62200,0,'''Ordze''',1,3000,0,'''Ordze''',1,7000,0,'''Ordze''',1,3000,0,'''Ordze''',1,7000,0,'''Ordze''',1,3000,0,'''Ordze''',1,7000,0,'''Ordze''',1,3000,0,'''Ordze''',1,10000,0,'''Ordze''',1,10000,0,'''Ordze''',1,10000,0,'''Ordze''',1,10000,0,'''Ordze''',1,10000,0,'''Ordze''',1,10000,0,'''Ordze''',1,7000,0,'''Ordze''',1,3000,0,'''Ordze''',1,7000,0,'''Ordze''',1,3000,0,'''Ordze''',1,7000,0,'''Ordze''',1,3000,0,'''Ordze''',1,7000,0,'''Ordze''',1
'Blocking-Weekday-51-SCT-MDW24-1111100',401029,62200,0,'''Ordze''',1,3000,0,'''Ordze''',1,7000,0,'''Ordze''',1,3000,0,'''Ordze''',1,7000,0,'''Ordze''',1,3000,0,'''Ordze''',1,7000,0,'''Ordze''',1,3000,0,'''Ordze''',1,10000,0,'''Ordze''',1,10000,0,'''Ordze''',1,10000,0,'''Ordze''',1,10000,0,'''Ordze''',1,10000,0,'''Ordze''',1,10000,0,'''Ordze''',1,7000,0,'''Ordze''',1,3000,0,'''Ordze''',1,7000,0,'''Ordze''',1,3000,0,'''Ordze''',1,7000,0,'''Ordze''',1,3000,0,'''Ordze''',1,7000,0,'''Ordze''',1
'Blocking-Weekday-40-SCT-MDW24-1111100',40301,165100,0,'''Ordze''',1
'Blocking-Weekday-44-SCT-MDW24-1111100',40301,165100,0,'''Ordze''',1
'Blocking-Weekday-45-SCT-MDW24-1111100',40301,165100,0,'''Ordze''',1
'Blocking-Weekday-46-SCT-MDW24-1111100',40301,165100,0,'''Ordze''',1
'Blocking-Weekday-50-SCT-MDW24-1111100',40301,165100,0,'''Ordze''',1
'Blocking-Weekday-51-SCT-MDW24-1111100',40301,165100,0,'''Ordze''',1
