'Blocking-Weekday-40-SCT-MDW24-1111100',44301,61600,0,'Bethel',1,3000,0,'Bethel',1,7000,0,'Bethel',1,3000,0,'Bethel',1,7000,0,'Bethel',1,3000,0,'Bethel',1,7000,0,'Bethel',1,3000,0,'Bethel',1,7000,0,'Bethel',1,3000,0,'Bethel',1,7000,0,'Bethel',1,3000,0,'Bethel',1,7000,0,'Bethel',1,3000,0,'Bethel',1,7000,0,'Bethel',1,3000,0,'Bethel',1,7000,0,'Bethel',1,3000,0,'Bethel',1,7000,0,'Bethel',1,3000,0,'Bethel',1,7000,0,'Bethel',1,3000,0,'Bethel',1,7000,0,'Bethel',1,3000,0,'Bethel',1,7000,0,'Bethel',1,3000,0,'Bethel',1
'Blocking-Weekday-44-SCT-MDW24-1111100',44301,61600,0,'Bethel',1,3000,0,'Bethel',1,7000,0,'Bethel',1,3000,0,'Bethel',1,7000,0,'Bethel',1,3000,0,'Bethel',1,7000,0,'Bethel',1,3000,0,'Bethel',1,7000,0,'Bethel',1,3000,0,'Bethel',1,7000,0,'Bethel',1,3000,0,'Bethel',1,7000,0,'Bethel',1,3000,0,'Bethel',1,7000,0,'Bethel',1,3000,0,'Bethel',1,7000,0,'Bethel',1,3000,0,'Bethel',1,7000,0,'Bethel',1,3000,0,'Bethel',1,7000,0,'Bethel',1,3000,0,'Bethel',1,7000,0,'Bethel',1,3000,0,'Bethel',1,7000,0,'Bethel',1,3000,0,'Bethel',1
'Blocking-Weekday-45-SCT-MDW24-1111100',44301,61600,0,'Bethel',1,3000,0,'Bethel',1,7000,0,'Bethel',1,3000,0,'Bethel',1,7000,0,'Bethel',1,3000,0,'Bethel',1,7000,0,'Bethel',1,3000,0,'Bethel',1,7000,0,'Bethel',1,3000,0,'Bethel',1,7000,0,'Bethel',1,3000,0,'Bethel',1,7000,0,'Bethel',1,3000,0,'Bethel',1,7000,0,'Bethel',1,3000,0,'Bethel',1,7000,0,'Bethel',1,3000,0,'Bethel',1,7000,0,'Bethel',1,3000,0,'Bethel',1,7000,0,'Bethel',1,3000,0,'Bethel',1,7000,0,'Bethel',1,3000,0,'Bethel',1,7000,0,'Bethel',1,3000,0,'Bethel',1
'Blocking-Weekday-46-SCT-MDW24-1111100',44301,61600,0,'Bethel',1,3000,0,'Bethel',1,7000,0,'Bethel',1,3000,0,'Bethel',1,7000,0,'Bethel',1,3000,0,'Bethel',1,7000,0,'Bethel',1,3000,0,'Bethel',1,7000,0,'Bethel',1,3000,0,'Bethel',1,7000,0,'Bethel',1,3000,0,'Bethel',1,7000,0,'Bethel',1,3000,0,'Bethel',1,7000,0,'Bethel',1,3000,0,'Bethel',1,7000,0,'Bethel',1,3000,0,'Bethel',1,7000,0,'Bethel',1,3000,0,'Bethel',1,7000,0,'Bethel',1,3000,0,'Bethel',1,7000,0,'Bethel',1,3000,0,'Bethel',1,7000,0,'Bethel',1,3000,0,'Bethel',1
'Blocking-Weekday-50-SCT-MDW24-1111100',44301,61600,0,'Bethel',1,3000,0,'Bethel',1,7000,0,'Bethel',1,3000,0,'Bethel',1,7000,0,'Bethel',1,3000,0,'Bethel',1,7000,0,'Bethel',1,3000,0,'Bethel',1,7000,0,'Bethel',1,3000,0,'Bethel',1,7000,0,'Bethel',1,3000,0,'Bethel',1,7000,0,'Bethel',1,3000,0,'Bethel',1,7000,0,'Bethel',1,3000,0,'Bethel',1,7000,0,'Bethel',1,3000,0,'Bethel',1,7000,0,'Bethel',1,3000,0,'Bethel',1,7000,0,'Bethel',1,3000,0,'Bethel',1,7000,0,'Bethel',1,3000,0,'Bethel',1,7000,0,'Bethel',1,3000,0,'Bethel',1
'Blocking-Weekday-51-SCT-MDW24-1111100',44301,61600,0,'Bethel',1,3000,0,'Bethel',1,7000,0,'Bethel',1,3000,0,'Bethel',1,7000,0,'Bethel',1,3000,0,'Bethel',1,7000,0,'Bethel',1,3000,0,'Bethel',1,7000,0,'Bethel',1,3000,0,'Bethel',1,7000,0,'Bethel',1,3000,0,'Bethel',1,7000,0,'Bethel',1,3000,0,'Bethel',1,7000,0,'Bethel',1,3000,0,'Bethel',1,7000,0,'Bethel',1,3000,0,'Bethel',1,7000,0,'Bethel',1,3000,0,'Bethel',1,7000,0,'Bethel',1,3000,0,'Bethel',1,7000,0,'Bethel',1,3000,0,'Bethel',1,7000,0,'Bethel',1,3000,0,'Bethel',1
'Blocking-Weekday-40-SCT-MDW24-1111100',45101,61600,,'',1,3000,,'',1,7000,,'',1,3000,,'',1,7000,,'',1,3000,,'',1,7000,,'',1,3000,,'',1,7000,,'',1,3000,,'',1,7000,,'',1,3000,,'',1,7000,,'',1,3000,,'',1,7000,,'',1,3000,,'',1,7000,,'',1,3000,,'',1,7000,,'',1,3000,,'',1,7000,,'',1,3000,,'',1,7000,,'',1,3000,,'',1,7000,,'',1,3000,,'',1
'Blocking-Weekday-44-SCT-MDW24-1111100',45101,61600,,'',1,3000,,'',1,7000,,'',1,3000,,'',1,7000,,'',1,3000,,'',1,7000,,'',1,3000,,'',1,7000,,'',1,3000,,'',1,7000,,'',1,3000,,'',1,7000,,'',1,3000,,'',1,7000,,'',1,3000,,'',1,7000,,'',1,3000,,'',1,7000,,'',1,3000,,'',1,7000,,'',1,3000,,'',1,7000,,'',1,3000,,'',1,7000,,'',1,3000,,'',1
'Blocking-Weekday-45-SCT-MDW24-1111100',45101,61600,,'',1,3000,,'',1,7000,,'',1,3000,,'',1,7000,,'',1,3000,,'',1,7000,,'',1,3000,,'',1,7000,,'',1,3000,,'',1,7000,,'',1,3000,,'',1,7000,,'',1,3000,,'',1,7000,,'',1,3000,,'',1,7000,,'',1,3000,,'',1,7000,,'',1,3000,,'',1,7000,,'',1,3000,,'',1,7000,,'',1,3000,,'',1,7000,,'',1,3000,,'',1
'Blocking-Weekday-46-SCT-MDW24-1111100',45101,61600,,'',1,3000,,'',1,7000,,'',1,3000,,'',1,7000,,'',1,3000,,'',1,7000,,'',1,3000,,'',1,7000,,'',1,3000,,'',1,7000,,'',1,3000,,'',1,7000,,'',1,3000,,'',1,7000,,'',1,3000,,'',1,7000,,'',1,3000,,'',1,7000,,'',1,3000,,'',1,7000,,'',1,3000,,'',1,7000,,'',1,3000,,'',1,7000,,'',1,3000,,'',1
'Blocking-Weekday-50-SCT-MDW24-1111100',45101,61600,,'',1,3000,,'',1,7000,,'',1,3000,,'',1,7000,,'',1,3000,,'',1,7000,,'',1,3000,,'',1,7000,,'',1,3000,,'',1,7000,,'',1,3000,,'',1,7000,,'',1,3000,,'',1,7000,,'',1,3000,,'',1,7000,,'',1,3000,,'',1,7000,,'',1,3000,,'',1,7000,,'',1,3000,,'',1,7000,,'',1,3000,,'',1,7000,,'',1,3000,,'',1
'Blocking-Weekday-51-SCT-MDW24-1111100',45101,61600,,'',1,3000,,'',1,7000,,'',1,3000,,'',1,7000,,'',1,3000,,'',1,7000,,'',1,3000,,'',1,7000,,'',1,3000,,'',1,7000,,'',1,3000,,'',1,7000,,'',1,3000,,'',1,7000,,'',1,3000,,'',1,7000,,'',1,3000,,'',1,7000,,'',1,3000,,'',1,7000,,'',1,3000,,'',1,7000,,'',1,3000,,'',1,7000,,'',1,3000,,'',1
