'Blocking-Weekday-40-SCT-MDW24-1111100',401029,62300,0,'''Ordze''',1,3000,0,'''Ordze''',1,7000,0,'''Ordze''',1,3000,0,'''Ordze''',1,7000,0,'''Ordze''',1,3000,0,'''Ordze''',1,7000,0,'''Ordze''',1,3000,0,'''Ordze''',1,10000,0,'''Ordze''',1,10000,0,'''Ordze''',1,10000,0,'''Ordze''',1,10000,0,'''Ordze''',1,10000,0,'''Ordze''',1,10000,0,'''Ordze''',1,7000,0,'''Ordze''',1,3000,0,'''Ordze''',1,7000,0,'''Ordze''',1,3000,0,'''Ordze''',1,7000,0,'''Ordze''',1,3000,0,'''Ordze''',1,7000,0,'''Ordze''',1
'Blocking-Weekday-44-SCT-MDW24-1111100',401029,62300,0,'''Ordze''',1,3000,0,'''Ordze''',1,7000,0,'''Ordze''',1,3000,0,'''Ordze''',1,7000,0,'''Ordze''',1,3000,0,'''Ordze''',1,7000,0,'''Ordze''',1,3000,0,'''Ordze''',1,10000,0,'''Ordze''',1,10000,0,'''Ordze''',1,10000,0,'''Ordze''',1,10000,0,'''Ordze''',1,10000,0,'''Ordze''',1,10000,0,'''Ordze''',1,7000,0,'''Ordze''',1,3000,0,'''Ordze''',1,7000,0,'''Ordze''',1,3000,0,'''Ordze''',1,7000,0,'''Ordze''',1,3000,0,'''Ordze''',1,7000,0,'''Ordze''',1
'Blocking-Weekday-45-SCT-MDW24-1111100',401029,62300,0,'''Ordze''',1,3000,0,'''Ordze''',1,7000,0,'''Ordze''',1,3000,0,'''Ordze''',1,7000,0,'''Ordze''',1,3000,0,'''Ordze''',1,7000,0,'''Ordze''',1,3000,0,'''Ordze''',1,10000,0,'''Ordze''',1,10000,0,'''Ordze''',1,10000,0,'''Ordze''',1,10000,0,'''Ordze''',1,10000,0,'''Ordze''',1,10000,0,'''Ordze''',1,7000,0,'''Ordze''',1,3000,0,'''Ordze''',1,7000,0,'''Ordze''',1,3000,0,'''Ordze''',1,7000,0,'''Ordze''',1,3000,0,'''Ordze''',1,7000,0,'''Ordze''',1
'Blocking-Weekday-46-SCT-MDW24-1111100',401029,62300,0,'''Ordze''',1,3000,0,'''Ordze''',1,7000,0,'''Ordze''',1,3000,0,'''Ordze''',1,7000,0,'''Ordze''',1,3000,0,'''Ordze''',1,7000,0,'''Ordze''',1,3000,0,'''Ordze''',1,10000,0,'''Ordze''',1,10000,0,'''Ordze''',1,10000,0,'''Ordze''',1,10000,0,'''Ordze''',1,10000,0,'''Ordze''',1,10000,0,'''Ordze''',1,7000,0,'''Ordze''',1,3000,0,'''Ordze''',1,7000,0,'''Ordze''',1,3000,0,'''Ordze''',1,7000,0,'''Ordze''',1,3000,0,'''Ordze''',1,7000,0,'''Ordze''',1
'Blocking-Weekday-50-SCT-MDW24-1111100',401029,62300,0,'''Ordze''',1,3000,0,'''Ordze''',1,7000,0,'''Ordze''',1,3000,0,'''Ordze''',1,7000,0,'''Ordze''',1,3000,0,'''Ordze''',1,7000,0,'''Ordze''',1,3000,0,'''Ordze''',1,10000,0,'''Ordze''',1,10000,0,'''Ordze''',1,10000,0,'''Ordze''',1,10000,0,'''Ordze''',1,10000,0,'''Ordze''',1,10000,0,'''Ordze''',1,7000,0,'''Ordze''',1,3000,0,'''Ordze''',1,7000,0,'''Ordze''',1,3000,0,'''Ordze''',1,7000,0,'''Ordze''',1,3000,0,'''Ordze''',1,7000,0,'''Ordze''',1
'Blocking-Weekday-51-SCT-MDW24-1111100',401029,62300,0,'''Ordze''',1,3000,0,'''Ordze''',1,7000,0,'''Ordze''',1,3000,0,'''Ordze''',1,7000,0,'''Ordze''',1,3000,0,'''Ordze''',1,7000,0,'''Ordze''',1,3000,0,'''Ordze''',1,10000,0,'''Ordze''',1,10000,0,'''Ordze''',1,10000,0,'''Ordze''',1,10000,0,'''Ordze''',1,10000,0,'''Ordze''',1,10000,0,'''Ordze''',1,7000,0,'''Ordze''',1,3000,0,'''Ordze''',1,7000,0,'''Ordze''',1,3000,0,'''Ordze''',1,7000,0,'''Ordze''',1,3000,0,'''Ordze''',1,7000,0,'''Ordze''',1
'Blocking-Weekday-40-SCT-MDW24-1111100',40301,165300,0,'''Ordze''',1
'Blocking-Weekday-44-SCT-MDW24-1111100',40301,165300,0,'''Ordze''',1
'Blocking-Weekday-45-SCT-MDW24-1111100',40301,165300,0,'''Ordze''',1
'Blocking-Weekday-46-SCT-MDW24-1111100',40301,165300,0,'''Ordze''',1
'Blocking-Weekday-50-SCT-MDW24-1111100',40301,165300,0,'''Ordze''',1
'Blocking-Weekday-51-SCT-MDW24-1111100',40301,165300,0,'''Ordze''',1
'Blocking-Weekday-40-SCT-MDW24-1111100',404019,65400,0,'''Ordze''',1,7000,0,'''Ordze''',1,3000,0,'''Ordze''',1,7000,0,'''Ordze''',1,3000,0,'''Ordze''',1,7000,0,'''Ordze''',1,3000,0,'''Ordze''',1,7000,0,'''Ordze''',1,10000,0,'''Ordze''',1,10000,0,'''Ordze''',1,9800,0,'''Ordze''',1,10000,0,'''Ordze''',1,9700,0,'''Ordze''',1,3000,0,'''Ordze''',1,7000,0,'''Ordze''',1,3000,0,'''Ordze''',1,7000,0,'''Ordze''',1,3000,0,'''Ordze''',1,7500,0,'''Ordze''',1,3000,0,'''Ordze''',1,7000,0,'''Ordze''',1
'Blocking-Weekday-44-SCT-MDW24-1111100',404019,65400,0,'''Ordze''',1,7000,0,'''Ordze''',1,3000,0,'''Ordze''',1,7000,0,'''Ordze''',1,3000,0,'''Ordze''',1,7000,0,'''Ordze''',1,3000,0,'''Ordze''',1,7000,0,'''Ordze''',1,10000,0,'''Ordze''',1,10000,0,'''Ordze''',1,9800,0,'''Ordze''',1,10000,0,'''Ordze''',1,9700,0,'''Ordze''',1,3000,0,'''Ordze''',1,7000,0,'''Ordze''',1,3000,0,'''Ordze''',1,7000,0,'''Ordze''',1,3000,0,'''Ordze''',1,7500,0,'''Ordze''',1,3000,0,'''Ordze''',1,7000,0,'''Ordze''',1
'Blocking-Weekday-45-SCT-MDW24-1111100',404019,65400,0,'''Ordze''',1,7000,0,'''Ordze''',1,3000,0,'''Ordze''',1,7000,0,'''Ordze''',1,3000,0,'''Ordze''',1,7000,0,'''Ordze''',1,3000,0,'''Ordze''',1,7000,0,'''Ordze''',1,10000,0,'''Ordze''',1,10000,0,'''Ordze''',1,9800,0,'''Ordze''',1,10000,0,'''Ordze''',1,9700,0,'''Ordze''',1,3000,0,'''Ordze''',1,7000,0,'''Ordze''',1,3000,0,'''Ordze''',1,7000,0,'''Ordze''',1,3000,0,'''Ordze''',1,7500,0,'''Ordze''',1,3000,0,'''Ordze''',1,7000,0,'''Ordze''',1
'Blocking-Weekday-46-SCT-MDW24-1111100',404019,65400,0,'''Ordze''',1,7000,0,'''Ordze''',1,3000,0,'''Ordze''',1,7000,0,'''Ordze''',1,3000,0,'''Ordze''',1,7000,0,'''Ordze''',1,3000,0,'''Ordze''',1,7000,0,'''Ordze''',1,10000,0,'''Ordze''',1,10000,0,'''Ordze''',1,9800,0,'''Ordze''',1,10000,0,'''Ordze''',1,9700,0,'''Ordze''',1,3000,0,'''Ordze''',1,7000,0,'''Ordze''',1,3000,0,'''Ordze''',1,7000,0,'''Ordze''',1,3000,0,'''Ordze''',1,7500,0,'''Ordze''',1,3000,0,'''Ordze''',1,7000,0,'''Ordze''',1
'Blocking-Weekday-50-SCT-MDW24-1111100',404019,65400,0,'''Ordze''',1,7000,0,'''Ordze''',1,3000,0,'''Ordze''',1,7000,0,'''Ordze''',1,3000,0,'''Ordze''',1,7000,0,'''Ordze''',1,3000,0,'''Ordze''',1,7000,0,'''Ordze''',1,10000,0,'''Ordze''',1,10000,0,'''Ordze''',1,9800,0,'''Ordze''',1,10000,0,'''Ordze''',1,9700,0,'''Ordze''',1,3000,0,'''Ordze''',1,7000,0,'''Ordze''',1,3000,0,'''Ordze''',1,7000,0,'''Ordze''',1,3000,0,'''Ordze''',1,7500,0,'''Ordze''',1,3000,0,'''Ordze''',1,7000,0,'''Ordze''',1
'Blocking-Weekday-51-SCT-MDW24-1111100',404019,65400,0,'''Ordze''',1,7000,0,'''Ordze''',1,3000,0,'''Ordze''',1,7000,0,'''Ordze''',1,3000,0,'''Ordze''',1,7000,0,'''Ordze''',1,3000,0,'''Ordze''',1,7000,0,'''Ordze''',1,10000,0,'''Ordze''',1,10000,0,'''Ordze''',1,9800,0,'''Ordze''',1,10000,0,'''Ordze''',1,9700,0,'''Ordze''',1,3000,0,'''Ordze''',1,7000,0,'''Ordze''',1,3000,0,'''Ordze''',1,7000,0,'''Ordze''',1,3000,0,'''Ordze''',1,7500,0,'''Ordze''',1,3000,0,'''Ordze''',1,7000,0,'''Ordze''',1
