'Blocking-Weekday-40-SCT-MDW24-1111100',401029,61400,0,'''Ordze''',1,3000,0,'''Ordze''',1,7000,0,'''Ordze''',1,3000,0,'''Ordze''',1,7000,0,'''Ordze''',1,3000,0,'''Ordze''',1,7000,0,'''Ordze''',1,3000,0,'''Ordze''',1,10000,0,'''Ordze''',1,10000,0,'''Ordze''',1,10000,0,'''Ordze''',1,10000,0,'''Ordze''',1,10000,0,'''Ordze''',1,9500,0,'''Ordze''',1,6800,0,'''Ordze''',1,3000,0,'''Ordze''',1,7000,0,'''Ordze''',1,3500,0,'''Ordze''',1,7200,0,'''Ordze''',1,3000,0,'''Ordze''',1,7000,0,'''Ordze''',1
'Blocking-Weekday-44-SCT-MDW24-1111100',401029,61400,0,'''Ordze''',1,3000,0,'''Ordze''',1,7000,0,'''Ordze''',1,3000,0,'''Ordze''',1,7000,0,'''Ordze''',1,3000,0,'''Ordze''',1,7000,0,'''Ordze''',1,3000,0,'''Ordze''',1,10000,0,'''Ordze''',1,10000,0,'''Ordze''',1,10000,0,'''Ordze''',1,10000,0,'''Ordze''',1,10000,0,'''Ordze''',1,9500,0,'''Ordze''',1,6800,0,'''Ordze''',1,3000,0,'''Ordze''',1,7000,0,'''Ordze''',1,3500,0,'''Ordze''',1,7200,0,'''Ordze''',1,3000,0,'''Ordze''',1,7000,0,'''Ordze''',1
'Blocking-Weekday-45-SCT-MDW24-1111100',401029,61400,0,'''Ordze''',1,3000,0,'''Ordze''',1,7000,0,'''Ordze''',1,3000,0,'''Ordze''',1,7000,0,'''Ordze''',1,3000,0,'''Ordze''',1,7000,0,'''Ordze''',1,3000,0,'''Ordze''',1,10000,0,'''Ordze''',1,10000,0,'''Ordze''',1,10000,0,'''Ordze''',1,10000,0,'''Ordze''',1,10000,0,'''Ordze''',1,9500,0,'''Ordze''',1,6800,0,'''Ordze''',1,3000,0,'''Ordze''',1,7000,0,'''Ordze''',1,3500,0,'''Ordze''',1,7200,0,'''Ordze''',1,3000,0,'''Ordze''',1,7000,0,'''Ordze''',1
'Blocking-Weekday-46-SCT-MDW24-1111100',401029,61400,0,'''Ordze''',1,3000,0,'''Ordze''',1,7000,0,'''Ordze''',1,3000,0,'''Ordze''',1,7000,0,'''Ordze''',1,3000,0,'''Ordze''',1,7000,0,'''Ordze''',1,3000,0,'''Ordze''',1,10000,0,'''Ordze''',1,10000,0,'''Ordze''',1,10000,0,'''Ordze''',1,10000,0,'''Ordze''',1,10000,0,'''Ordze''',1,9500,0,'''Ordze''',1,6800,0,'''Ordze''',1,3000,0,'''Ordze''',1,7000,0,'''Ordze''',1,3500,0,'''Ordze''',1,7200,0,'''Ordze''',1,3000,0,'''Ordze''',1,7000,0,'''Ordze''',1
'Blocking-Weekday-50-SCT-MDW24-1111100',401029,61400,0,'''Ordze''',1,3000,0,'''Ordze''',1,7000,0,'''Ordze''',1,3000,0,'''Ordze''',1,7000,0,'''Ordze''',1,3000,0,'''Ordze''',1,7000,0,'''Ordze''',1,3000,0,'''Ordze''',1,10000,0,'''Ordze''',1,10000,0,'''Ordze''',1,10000,0,'''Ordze''',1,10000,0,'''Ordze''',1,10000,0,'''Ordze''',1,9500,0,'''Ordze''',1,6800,0,'''Ordze''',1,3000,0,'''Ordze''',1,7000,0,'''Ordze''',1,3500,0,'''Ordze''',1,7200,0,'''Ordze''',1,3000,0,'''Ordze''',1,7000,0,'''Ordze''',1
'Blocking-Weekday-51-SCT-MDW24-1111100',401029,61400,0,'''Ordze''',1,3000,0,'''Ordze''',1,7000,0,'''Ordze''',1,3000,0,'''Ordze''',1,7000,0,'''Ordze''',1,3000,0,'''Ordze''',1,7000,0,'''Ordze''',1,3000,0,'''Ordze''',1,10000,0,'''Ordze''',1,10000,0,'''Ordze''',1,10000,0,'''Ordze''',1,10000,0,'''Ordze''',1,10000,0,'''Ordze''',1,9500,0,'''Ordze''',1,6800,0,'''Ordze''',1,3000,0,'''Ordze''',1,7000,0,'''Ordze''',1,3500,0,'''Ordze''',1,7200,0,'''Ordze''',1,3000,0,'''Ordze''',1,7000,0,'''Ordze''',1
'Blocking-Saturday-41-SCT-MDW24-0000010',41101,74500,0,'''Bethel''',1,10000,0,'''Bethel''',1,10000,0,'''Bethel''',1,10000,0,'''Bethel''',1,10000,0,'''Bethel''',1,10000,0,'''Bethel''',1,10000,0,'''Bethel''',1,10000,0,'''Bethel''',1,10000,0,'''Bethel''',1,10000,0,'''Bethel''',1,10000,0,'''Bethel''',1,10000,0,'''Bethel''',1,10000,0,'''Bethel''',1,10000,0,'''Bethel''',1,10000,0,'''Bethel''',1,10000,0,'''Bethel''',1,10000,0,'''Bethel''',1
'Blocking-Saturday-43-SCT-MDW24-0000010',41101,74500,0,'''Bethel''',1,10000,0,'''Bethel''',1,10000,0,'''Bethel''',1,10000,0,'''Bethel''',1,10000,0,'''Bethel''',1,10000,0,'''Bethel''',1,10000,0,'''Bethel''',1,10000,0,'''Bethel''',1,10000,0,'''Bethel''',1,10000,0,'''Bethel''',1,10000,0,'''Bethel''',1,10000,0,'''Bethel''',1,10000,0,'''Bethel''',1,10000,0,'''Bethel''',1,10000,0,'''Bethel''',1,10000,0,'''Bethel''',1,10000,0,'''Bethel''',1
'Blocking-Saturday-47-SCT-MDW24-0000010',41101,74500,0,'''Bethel''',1,10000,0,'''Bethel''',1,10000,0,'''Bethel''',1,10000,0,'''Bethel''',1,10000,0,'''Bethel''',1,10000,0,'''Bethel''',1,10000,0,'''Bethel''',1,10000,0,'''Bethel''',1,10000,0,'''Bethel''',1,10000,0,'''Bethel''',1,10000,0,'''Bethel''',1,10000,0,'''Bethel''',1,10000,0,'''Bethel''',1,10000,0,'''Bethel''',1,10000,0,'''Bethel''',1,10000,0,'''Bethel''',1,10000,0,'''Bethel''',1
'Blocking-Sunday-42-SCT-MDW24-0000001',41101,84500,0,'''Bethel''',1,10000,0,'''Bethel''',1,10000,0,'''Bethel''',1,10000,0,'''Bethel''',1,10000,0,'''Bethel''',1,10000,0,'''Bethel''',1,10000,0,'''Bethel''',1,10000,0,'''Bethel''',1,10000,0,'''Bethel''',1,10000,0,'''Bethel''',1,10000,0,'''Bethel''',1,10000,0,'''Bethel''',1
'Blocking-Sunday-48-SCT-MDW24-0000001',41101,84500,0,'''Bethel''',1,10000,0,'''Bethel''',1,10000,0,'''Bethel''',1,10000,0,'''Bethel''',1,10000,0,'''Bethel''',1,10000,0,'''Bethel''',1,10000,0,'''Bethel''',1,10000,0,'''Bethel''',1,10000,0,'''Bethel''',1,10000,0,'''Bethel''',1,10000,0,'''Bethel''',1,10000,0,'''Bethel''',1
'Blocking-Weekday-40-SCT-MDW24-1111100',41101,61300,0,'''Bethel''',1,2600,0,'''Bethel''',1,1500,0,'''Bethel''',1,5500,0,'''Bethel''',1,1500,0,'''Bethel''',1,1500,0,'''Bethel''',1,1500,0,'''Bethel''',1,5500,0,'''Bethel''',1,3000,0,'''Bethel''',1,7000,0,'''Bethel''',1,3100,0,'''Bethel''',1,7000,0,'''Bethel''',1,3000,0,'''Bethel''',1,7000,0,'''Bethel''',1,3000,0,'''Bethel''',1,7000,0,'''Bethel''',1,3000,0,'''Bethel''',1,7000,0,'''Bethel''',1,3000,0,'''Bethel''',1,6700,0,'''Bethel''',1,3000,0,'''Bethel''',1,7000,0,'''Bethel''',1,1300,0,'''Bethel''',1,1500,0,'''Bethel''',1,1200,0,'''Bethel''',1,5500,0,'''Bethel''',1,1500,0,'''Bethel''',1,1500,0,'''Bethel''',1,1500,0,'''Bethel''',1,5500,0,'''Bethel''',1,1500,0,'''Bethel''',1,1500,0,'''Bethel''',1,7800,0,'''Bethel''',1,3500,0,'''Bethel''',1,10000,0,'''Bethel''',1,10000,0,'''Bethel''',1,10000,0,'''Bethel''',1,10000,0,'''Bethel''',1,10000,0,'''Bethel''',1
'Blocking-Weekday-44-SCT-MDW24-1111100',41101,61300,0,'''Bethel''',1,2600,0,'''Bethel''',1,1500,0,'''Bethel''',1,5500,0,'''Bethel''',1,1500,0,'''Bethel''',1,1500,0,'''Bethel''',1,1500,0,'''Bethel''',1,5500,0,'''Bethel''',1,3000,0,'''Bethel''',1,7000,0,'''Bethel''',1,3100,0,'''Bethel''',1,7000,0,'''Bethel''',1,3000,0,'''Bethel''',1,7000,0,'''Bethel''',1,3000,0,'''Bethel''',1,7000,0,'''Bethel''',1,3000,0,'''Bethel''',1,7000,0,'''Bethel''',1,3000,0,'''Bethel''',1,6700,0,'''Bethel''',1,3000,0,'''Bethel''',1,7000,0,'''Bethel''',1,1300,0,'''Bethel''',1,1500,0,'''Bethel''',1,1200,0,'''Bethel''',1,5500,0,'''Bethel''',1,1500,0,'''Bethel''',1,1500,0,'''Bethel''',1,1500,0,'''Bethel''',1,5500,0,'''Bethel''',1,1500,0,'''Bethel''',1,1500,0,'''Bethel''',1,7800,0,'''Bethel''',1,3500,0,'''Bethel''',1,10000,0,'''Bethel''',1,10000,0,'''Bethel''',1,10000,0,'''Bethel''',1,10000,0,'''Bethel''',1,10000,0,'''Bethel''',1
'Blocking-Weekday-45-SCT-MDW24-1111100',41101,61300,0,'''Bethel''',1,2600,0,'''Bethel''',1,1500,0,'''Bethel''',1,5500,0,'''Bethel''',1,1500,0,'''Bethel''',1,1500,0,'''Bethel''',1,1500,0,'''Bethel''',1,5500,0,'''Bethel''',1,3000,0,'''Bethel''',1,7000,0,'''Bethel''',1,3100,0,'''Bethel''',1,7000,0,'''Bethel''',1,3000,0,'''Bethel''',1,7000,0,'''Bethel''',1,3000,0,'''Bethel''',1,7000,0,'''Bethel''',1,3000,0,'''Bethel''',1,7000,0,'''Bethel''',1,3000,0,'''Bethel''',1,6700,0,'''Bethel''',1,3000,0,'''Bethel''',1,7000,0,'''Bethel''',1,1300,0,'''Bethel''',1,1500,0,'''Bethel''',1,1200,0,'''Bethel''',1,5500,0,'''Bethel''',1,1500,0,'''Bethel''',1,1500,0,'''Bethel''',1,1500,0,'''Bethel''',1,5500,0,'''Bethel''',1,1500,0,'''Bethel''',1,1500,0,'''Bethel''',1,7800,0,'''Bethel''',1,3500,0,'''Bethel''',1,10000,0,'''Bethel''',1,10000,0,'''Bethel''',1,10000,0,'''Bethel''',1,10000,0,'''Bethel''',1,10000,0,'''Bethel''',1
'Blocking-Weekday-46-SCT-MDW24-1111100',41101,61300,0,'''Bethel''',1,2600,0,'''Bethel''',1,1500,0,'''Bethel''',1,5500,0,'''Bethel''',1,1500,0,'''Bethel''',1,1500,0,'''Bethel''',1,1500,0,'''Bethel''',1,5500,0,'''Bethel''',1,3000,0,'''Bethel''',1,7000,0,'''Bethel''',1,3100,0,'''Bethel''',1,7000,0,'''Bethel''',1,3000,0,'''Bethel''',1,7000,0,'''Bethel''',1,3000,0,'''Bethel''',1,7000,0,'''Bethel''',1,3000,0,'''Bethel''',1,7000,0,'''Bethel''',1,3000,0,'''Bethel''',1,6700,0,'''Bethel''',1,3000,0,'''Bethel''',1,7000,0,'''Bethel''',1,1300,0,'''Bethel''',1,1500,0,'''Bethel''',1,1200,0,'''Bethel''',1,5500,0,'''Bethel''',1,1500,0,'''Bethel''',1,1500,0,'''Bethel''',1,1500,0,'''Bethel''',1,5500,0,'''Bethel''',1,1500,0,'''Bethel''',1,1500,0,'''Bethel''',1,7800,0,'''Bethel''',1,3500,0,'''Bethel''',1,10000,0,'''Bethel''',1,10000,0,'''Bethel''',1,10000,0,'''Bethel''',1,10000,0,'''Bethel''',1,10000,0,'''Bethel''',1
'Blocking-Weekday-50-SCT-MDW24-1111100',41101,61300,0,'''Bethel''',1,2600,0,'''Bethel''',1,1500,0,'''Bethel''',1,5500,0,'''Bethel''',1,1500,0,'''Bethel''',1,1500,0,'''Bethel''',1,1500,0,'''Bethel''',1,5500,0,'''Bethel''',1,3000,0,'''Bethel''',1,7000,0,'''Bethel''',1,3100,0,'''Bethel''',1,7000,0,'''Bethel''',1,3000,0,'''Bethel''',1,7000,0,'''Bethel''',1,3000,0,'''Bethel''',1,7000,0,'''Bethel''',1,3000,0,'''Bethel''',1,7000,0,'''Bethel''',1,3000,0,'''Bethel''',1,6700,0,'''Bethel''',1,3000,0,'''Bethel''',1,7000,0,'''Bethel''',1,1300,0,'''Bethel''',1,1500,0,'''Bethel''',1,1200,0,'''Bethel''',1,5500,0,'''Bethel''',1,1500,0,'''Bethel''',1,1500,0,'''Bethel''',1,1500,0,'''Bethel''',1,5500,0,'''Bethel''',1,1500,0,'''Bethel''',1,1500,0,'''Bethel''',1,7800,0,'''Bethel''',1,3500,0,'''Bethel''',1,10000,0,'''Bethel''',1,10000,0,'''Bethel''',1,10000,0,'''Bethel''',1,10000,0,'''Bethel''',1,10000,0,'''Bethel''',1
'Blocking-Weekday-51-SCT-MDW24-1111100',41101,61300,0,'''Bethel''',1,2600,0,'''Bethel''',1,1500,0,'''Bethel''',1,5500,0,'''Bethel''',1,1500,0,'''Bethel''',1,1500,0,'''Bethel''',1,1500,0,'''Bethel''',1,5500,0,'''Bethel''',1,3000,0,'''Bethel''',1,7000,0,'''Bethel''',1,3100,0,'''Bethel''',1,7000,0,'''Bethel''',1,3000,0,'''Bethel''',1,7000,0,'''Bethel''',1,3000,0,'''Bethel''',1,7000,0,'''Bethel''',1,3000,0,'''Bethel''',1,7000,0,'''Bethel''',1,3000,0,'''Bethel''',1,6700,0,'''Bethel''',1,3000,0,'''Bethel''',1,7000,0,'''Bethel''',1,1300,0,'''Bethel''',1,1500,0,'''Bethel''',1,1200,0,'''Bethel''',1,5500,0,'''Bethel''',1,1500,0,'''Bethel''',1,1500,0,'''Bethel''',1,1500,0,'''Bethel''',1,5500,0,'''Bethel''',1,1500,0,'''Bethel''',1,1500,0,'''Bethel''',1,7800,0,'''Bethel''',1,3500,0,'''Bethel''',1,10000,0,'''Bethel''',1,10000,0,'''Bethel''',1,10000,0,'''Bethel''',1,10000,0,'''Bethel''',1,10000,0,'''Bethel''',1
