'Blocking-Weekday-39-SCT-FAL23-1111100',44300,61000,4,'',1,3000,4,'',1,7000,4,'',1,3000,4,'',1,7000,4,'',1,3000,4,'',1,7000,4,'',1,3000,4,'',1,7000,4,'',1,3000,4,'',1,7000,4,'',1,3000,4,'',1,7000,4,'',1,3000,4,'',1,7000,4,'',1,3000,4,'',1,7000,4,'',1,3000,4,'',1,1500,4,'',1,5500,4,'',1,3000,4,'',1,7000,4,'',1,3000,4,'',1,7000,4,'',1,3000,4,'',1,7000,4,'',1,3000,4,'',1
'Blocking-Weekday-39-SCT-FAL23-1111100',44301,61500,0,'Bethel',1,3000,0,'Bethel',1,7000,0,'Bethel',1,3000,0,'Bethel',1,7000,0,'Bethel',1,3000,0,'Bethel',1,7000,0,'Bethel',1,3000,0,'Bethel',1,7000,0,'Bethel',1,3000,0,'Bethel',1,7000,0,'Bethel',1,3000,0,'Bethel',1,7000,0,'Bethel',1,3000,0,'Bethel',1,7000,0,'Bethel',1,3000,0,'Bethel',1,7000,0,'Bethel',1,3000,0,'Bethel',1,7000,0,'Bethel',1,3000,0,'Bethel',1,7000,0,'Bethel',1,3000,0,'Bethel',1,7000,0,'Bethel',1,3000,0,'Bethel',1,7000,0,'Bethel',1,3000,0,'Bethel',1
'Blocking-Weekday-40-SCT-WIN23-1111100',44300,61000,4,'',1,3000,4,'',1,7000,4,'',1,3000,4,'',1,7000,4,'',1,3000,4,'',1,7000,4,'',1,3000,4,'',1,7000,4,'',1,3000,4,'',1,7000,4,'',1,3000,4,'',1,7000,4,'',1,3000,4,'',1,7000,4,'',1,3000,4,'',1,7000,4,'',1,3000,4,'',1,7000,4,'',1,3000,4,'',1,1500,4,'',1,5500,4,'',1,3000,4,'',1,7000,4,'',1,3000,4,'',1,7000,4,'',1,3000,4,'',1
'Blocking-Weekday-40-SCT-WIN23-1111100',44301,61500,0,'Bethel',1,3000,0,'Bethel',1,7000,0,'Bethel',1,3000,0,'Bethel',1,7000,0,'Bethel',1,3000,0,'Bethel',1,7000,0,'Bethel',1,3000,0,'Bethel',1,7000,0,'Bethel',1,3000,0,'Bethel',1,7000,0,'Bethel',1,3000,0,'Bethel',1,7000,0,'Bethel',1,3000,0,'Bethel',1,7000,0,'Bethel',1,3000,0,'Bethel',1,7000,0,'Bethel',1,3000,0,'Bethel',1,7000,0,'Bethel',1,3000,0,'Bethel',1,7000,0,'Bethel',1,3000,0,'Bethel',1,7000,0,'Bethel',1,3000,0,'Bethel',1,7000,0,'Bethel',1,3000,0,'Bethel',1
'Blocking-Weekday-43-SCT-WIN23-1111100',44300,61000,4,'',1,3000,4,'',1,7000,4,'',1,3000,4,'',1,7000,4,'',1,3000,4,'',1,7000,4,'',1,3000,4,'',1,7000,4,'',1,3000,4,'',1,7000,4,'',1,3000,4,'',1,7000,4,'',1,3000,4,'',1,7000,4,'',1,3000,4,'',1,7000,4,'',1,3000,4,'',1,7000,4,'',1,3000,4,'',1,7000,4,'',1,3000,4,'',1,7000,4,'',1,3000,4,'',1,7000,4,'',1,3000,4,'',1
'Blocking-Weekday-43-SCT-WIN23-1111100',44301,61500,0,'Bethel',1,3000,0,'Bethel',1,7000,0,'Bethel',1,3000,0,'Bethel',1,7000,0,'Bethel',1,3000,0,'Bethel',1,7000,0,'Bethel',1,3000,0,'Bethel',1,7000,0,'Bethel',1,3000,0,'Bethel',1,7000,0,'Bethel',1,3000,0,'Bethel',1,7000,0,'Bethel',1,3000,0,'Bethel',1,7000,0,'Bethel',1,3000,0,'Bethel',1,7000,0,'Bethel',1,3000,0,'Bethel',1,7000,0,'Bethel',1,3000,0,'Bethel',1,7000,0,'Bethel',1,3000,0,'Bethel',1,7000,0,'Bethel',1,3000,0,'Bethel',1,7000,0,'Bethel',1,3000,0,'Bethel',1
'Blocking-Weekday-45-SCT-WIN23-1111100',44300,61000,4,'',1,3000,4,'',1,7000,4,'',1,3000,4,'',1,7000,4,'',1,3000,4,'',1,7000,4,'',1,3000,4,'',1,7000,4,'',1,3000,4,'',1,7000,4,'',1,3000,4,'',1,7000,4,'',1,3000,4,'',1,7000,4,'',1,3000,4,'',1,7000,4,'',1,3000,4,'',1,7000,4,'',1,3000,4,'',1,7000,4,'',1,3000,4,'',1,7000,4,'',1,3000,4,'',1,7000,4,'',1,3000,4,'',1
'Blocking-Weekday-45-SCT-WIN23-1111100',44301,61500,0,'Bethel',1,3000,0,'Bethel',1,7000,0,'Bethel',1,3000,0,'Bethel',1,7000,0,'Bethel',1,3000,0,'Bethel',1,7000,0,'Bethel',1,3000,0,'Bethel',1,7000,0,'Bethel',1,3000,0,'Bethel',1,7000,0,'Bethel',1,3000,0,'Bethel',1,7000,0,'Bethel',1,3000,0,'Bethel',1,7000,0,'Bethel',1,3000,0,'Bethel',1,7000,0,'Bethel',1,3000,0,'Bethel',1,7000,0,'Bethel',1,3000,0,'Bethel',1,7000,0,'Bethel',1,3000,0,'Bethel',1,7000,0,'Bethel',1,3000,0,'Bethel',1,7000,0,'Bethel',1,3000,0,'Bethel',1
'Blocking-Weekday-46-SCT-FAL23-1111100',44300,61000,4,'',1,3000,4,'',1,7000,4,'',1,3000,4,'',1,7000,4,'',1,3000,4,'',1,7000,4,'',1,3000,4,'',1,7000,4,'',1,3000,4,'',1,7000,4,'',1,3000,4,'',1,7000,4,'',1,3000,4,'',1,7000,4,'',1,3000,4,'',1,7000,4,'',1,3000,4,'',1,7000,4,'',1,3000,4,'',1,1500,4,'',1,5500,4,'',1,3000,4,'',1,7000,4,'',1,3000,4,'',1,7000,4,'',1,3000,4,'',1
'Blocking-Weekday-46-SCT-FAL23-1111100',44301,61500,0,'Bethel',1,3000,0,'Bethel',1,7000,0,'Bethel',1,3000,0,'Bethel',1,7000,0,'Bethel',1,3000,0,'Bethel',1,7000,0,'Bethel',1,3000,0,'Bethel',1,7000,0,'Bethel',1,3000,0,'Bethel',1,7000,0,'Bethel',1,3000,0,'Bethel',1,7000,0,'Bethel',1,3000,0,'Bethel',1,7000,0,'Bethel',1,3000,0,'Bethel',1,7000,0,'Bethel',1,3000,0,'Bethel',1,7000,0,'Bethel',1,3000,0,'Bethel',1,7000,0,'Bethel',1,3000,0,'Bethel',1,7000,0,'Bethel',1,3000,0,'Bethel',1,7000,0,'Bethel',1,3000,0,'Bethel',1
'Blocking-Weekday-47-SCT-WIN23-1111100',44300,61000,4,'',1,3000,4,'',1,7000,4,'',1,3000,4,'',1,7000,4,'',1,3000,4,'',1,7000,4,'',1,3000,4,'',1,7000,4,'',1,3000,4,'',1,7000,4,'',1,3000,4,'',1,7000,4,'',1,3000,4,'',1,7000,4,'',1,3000,4,'',1,7000,4,'',1,3000,4,'',1,1500,4,'',1,5500,4,'',1,3000,4,'',1,7000,4,'',1,3000,4,'',1,7000,4,'',1,3000,4,'',1,7000,4,'',1,3000,4,'',1
'Blocking-Weekday-47-SCT-WIN23-1111100',44301,61500,0,'Bethel',1,3000,0,'Bethel',1,7000,0,'Bethel',1,3000,0,'Bethel',1,7000,0,'Bethel',1,3000,0,'Bethel',1,7000,0,'Bethel',1,3000,0,'Bethel',1,7000,0,'Bethel',1,3000,0,'Bethel',1,7000,0,'Bethel',1,3000,0,'Bethel',1,7000,0,'Bethel',1,3000,0,'Bethel',1,7000,0,'Bethel',1,3000,0,'Bethel',1,7000,0,'Bethel',1,3000,0,'Bethel',1,7000,0,'Bethel',1,3000,0,'Bethel',1,7000,0,'Bethel',1,3000,0,'Bethel',1,7000,0,'Bethel',1,3000,0,'Bethel',1,7000,0,'Bethel',1,3000,0,'Bethel',1
