'Blocking-Weekday-39-SCT-FAL23-1111100',442029,62000,,'',1,3000,,'',1,7000,,'',1,3000,,'',1,7000,,'',1,3000,,'',1,7000,,'',1,3000,,'',1,7000,,'',1,3000,,'',1,7000,,'',1,3000,,'',1,7000,,'',1,3000,,'',1,7000,,'',1,3000,,'',1,7000,,'',1,1500,,'',1,1500,,'',1,7000,,'',1,3000,,'',1,7000,,'',1,3000,,'',1,7000,,'',1,3000,,'',1,7000,,'',1,3000,,'',1
'Blocking-Weekday-40-SCT-WIN23-1111100',442029,62000,,'',1,3000,,'',1,7000,,'',1,3000,,'',1,7000,,'',1,3000,,'',1,7000,,'',1,3000,,'',1,7000,,'',1,3000,,'',1,7000,,'',1,3000,,'',1,7000,,'',1,3000,,'',1,7000,,'',1,3000,,'',1,7000,,'',1,3000,,'',1,7000,,'',1,1500,,'',1,1500,,'',1,7000,,'',1,3000,,'',1,7000,,'',1,3000,,'',1,7000,,'',1,3000,,'',1
'Blocking-Weekday-43-SCT-WIN23-1111100',442029,62000,,'',1,3000,,'',1,7000,,'',1,3000,,'',1,7000,,'',1,3000,,'',1,7000,,'',1,3000,,'',1,7000,,'',1,3000,,'',1,7000,,'',1,3000,,'',1,7000,,'',1,3000,,'',1,7000,,'',1,3000,,'',1,7000,,'',1,3000,,'',1,7000,,'',1,3000,,'',1,7000,,'',1,3000,,'',1,7000,,'',1,3000,,'',1,7000,,'',1,3000,,'',1
'Blocking-Weekday-45-SCT-WIN23-1111100',442029,62000,,'',1,3000,,'',1,7000,,'',1,3000,,'',1,7000,,'',1,3000,,'',1,7000,,'',1,3000,,'',1,7000,,'',1,3000,,'',1,7000,,'',1,3000,,'',1,7000,,'',1,3000,,'',1,7000,,'',1,3000,,'',1,7000,,'',1,3000,,'',1,7000,,'',1,3000,,'',1,7000,,'',1,3000,,'',1,7000,,'',1,3000,,'',1,7000,,'',1,3000,,'',1
'Blocking-Weekday-46-SCT-FAL23-1111100',442029,62000,,'',1,3000,,'',1,7000,,'',1,3000,,'',1,7000,,'',1,3000,,'',1,7000,,'',1,3000,,'',1,7000,,'',1,3000,,'',1,7000,,'',1,3000,,'',1,7000,,'',1,3000,,'',1,7000,,'',1,3000,,'',1,7000,,'',1,3000,,'',1,7000,,'',1,1500,,'',1,1500,,'',1,7000,,'',1,3000,,'',1,7000,,'',1,3000,,'',1,7000,,'',1,3000,,'',1
'Blocking-Weekday-47-SCT-WIN23-1111100',442029,62000,,'',1,3000,,'',1,7000,,'',1,3000,,'',1,7000,,'',1,3000,,'',1,7000,,'',1,3000,,'',1,7000,,'',1,3000,,'',1,7000,,'',1,3000,,'',1,7000,,'',1,3000,,'',1,7000,,'',1,3000,,'',1,7000,,'',1,1500,,'',1,1500,,'',1,7000,,'',1,3000,,'',1,7000,,'',1,3000,,'',1,7000,,'',1,3000,,'',1,7000,,'',1,3000,,'',1
'Blocking-Weekday-39-SCT-FAL23-1111100',44301,55700,0,'Bethel',1,7000,0,'Bethel',1,3000,0,'Bethel',1,7000,0,'Bethel',1,3000,0,'Bethel',1,7000,0,'Bethel',1,3000,0,'Bethel',1,7000,0,'Bethel',1,3000,0,'Bethel',1,7000,0,'Bethel',1,3000,0,'Bethel',1,7000,0,'Bethel',1,3000,0,'Bethel',1,7000,0,'Bethel',1,3000,0,'Bethel',1,7000,0,'Bethel',1,3000,0,'Bethel',1,7000,0,'Bethel',1,3000,0,'Bethel',1,7000,0,'Bethel',1,3000,0,'Bethel',1,7000,0,'Bethel',1,3000,0,'Bethel',1,7000,0,'Bethel',1,3000,0,'Bethel',1,7000,0,'Bethel',1,3000,0,'Bethel',1
'Blocking-Weekday-40-SCT-WIN23-1111100',44301,55700,0,'Bethel',1,7000,0,'Bethel',1,3000,0,'Bethel',1,7000,0,'Bethel',1,3000,0,'Bethel',1,7000,0,'Bethel',1,3000,0,'Bethel',1,7000,0,'Bethel',1,3000,0,'Bethel',1,7000,0,'Bethel',1,3000,0,'Bethel',1,7000,0,'Bethel',1,3000,0,'Bethel',1,7000,0,'Bethel',1,3000,0,'Bethel',1,7000,0,'Bethel',1,3000,0,'Bethel',1,7000,0,'Bethel',1,3000,0,'Bethel',1,7000,0,'Bethel',1,3000,0,'Bethel',1,7000,0,'Bethel',1,3000,0,'Bethel',1,7000,0,'Bethel',1,3000,0,'Bethel',1,7000,0,'Bethel',1,3000,0,'Bethel',1
'Blocking-Weekday-43-SCT-WIN23-1111100',44301,55700,0,'Bethel',1,7000,0,'Bethel',1,3000,0,'Bethel',1,7000,0,'Bethel',1,3000,0,'Bethel',1,7000,0,'Bethel',1,3000,0,'Bethel',1,7000,0,'Bethel',1,3000,0,'Bethel',1,7000,0,'Bethel',1,3000,0,'Bethel',1,7000,0,'Bethel',1,3000,0,'Bethel',1,7000,0,'Bethel',1,3000,0,'Bethel',1,7000,0,'Bethel',1,3000,0,'Bethel',1,7000,0,'Bethel',1,3000,0,'Bethel',1,7000,0,'Bethel',1,3000,0,'Bethel',1,7000,0,'Bethel',1,3000,0,'Bethel',1,7000,0,'Bethel',1,3000,0,'Bethel',1,7000,0,'Bethel',1,3000,0,'Bethel',1
'Blocking-Weekday-45-SCT-WIN23-1111100',44301,55700,0,'Bethel',1,7000,0,'Bethel',1,3000,0,'Bethel',1,7000,0,'Bethel',1,3000,0,'Bethel',1,7000,0,'Bethel',1,3000,0,'Bethel',1,7000,0,'Bethel',1,3000,0,'Bethel',1,7000,0,'Bethel',1,3000,0,'Bethel',1,7000,0,'Bethel',1,3000,0,'Bethel',1,7000,0,'Bethel',1,3000,0,'Bethel',1,7000,0,'Bethel',1,3000,0,'Bethel',1,7000,0,'Bethel',1,3000,0,'Bethel',1,7000,0,'Bethel',1,3000,0,'Bethel',1,7000,0,'Bethel',1,3000,0,'Bethel',1,7000,0,'Bethel',1,3000,0,'Bethel',1,7000,0,'Bethel',1,3000,0,'Bethel',1
'Blocking-Weekday-46-SCT-FAL23-1111100',44301,55700,0,'Bethel',1,7000,0,'Bethel',1,3000,0,'Bethel',1,7000,0,'Bethel',1,3000,0,'Bethel',1,7000,0,'Bethel',1,3000,0,'Bethel',1,7000,0,'Bethel',1,3000,0,'Bethel',1,7000,0,'Bethel',1,3000,0,'Bethel',1,7000,0,'Bethel',1,3000,0,'Bethel',1,7000,0,'Bethel',1,3000,0,'Bethel',1,7000,0,'Bethel',1,3000,0,'Bethel',1,7000,0,'Bethel',1,3000,0,'Bethel',1,7000,0,'Bethel',1,3000,0,'Bethel',1,7000,0,'Bethel',1,3000,0,'Bethel',1,7000,0,'Bethel',1,3000,0,'Bethel',1,7000,0,'Bethel',1,3000,0,'Bethel',1
'Blocking-Weekday-47-SCT-WIN23-1111100',44301,55700,0,'Bethel',1,7000,0,'Bethel',1,3000,0,'Bethel',1,7000,0,'Bethel',1,3000,0,'Bethel',1,7000,0,'Bethel',1,3000,0,'Bethel',1,7000,0,'Bethel',1,3000,0,'Bethel',1,7000,0,'Bethel',1,3000,0,'Bethel',1,7000,0,'Bethel',1,3000,0,'Bethel',1,7000,0,'Bethel',1,3000,0,'Bethel',1,7000,0,'Bethel',1,3000,0,'Bethel',1,7000,0,'Bethel',1,3000,0,'Bethel',1,7000,0,'Bethel',1,3000,0,'Bethel',1,7000,0,'Bethel',1,3000,0,'Bethel',1,7000,0,'Bethel',1,3000,0,'Bethel',1,7000,0,'Bethel',1,3000,0,'Bethel',1
