40100,1973,1,0
40100,1679,2,0
40100,11444,3,0
40100,1915,4,0
40100,1439,5,0
40100,1292,6,0
40100,1542,7,0
40100,2393,8,0
40100,2255,9,0
40100,2454,10,1
40101,2816,1,0
40101,2551,2,0
40101,2329,3,0
40101,1457,4,0
40101,1321,5,0
40101,1364,6,0
40101,11344,7,0
40101,1973,8,1
40300,1732,1,0
40300,1643,2,0
40300,1964,3,0
40300,1941,4,0
40300,1306,5,0
40300,1792,6,0
40300,1629,7,0
40300,1525,8,0
40300,2393,9,0
40300,2255,10,0
40300,2454,11,1
40301,1728,1,0
40301,1991,2,0
40301,1301,3,0
40301,1794,4,0
40301,1711,5,0
40301,1903,6,0
40301,1898,7,0
40301,1973,8,1
40400,2636,1,0
40400,2641,2,0
40400,2410,3,0
40400,2722,4,0
40400,2848,5,0
40400,2255,6,0
40400,2454,7,1
40401,2752,1,0
40401,2638,2,0
40401,2625,3,0
40401,2636,4,1
41100,1973,1,0
41100,1679,2,0
41100,11444,3,0
41100,1915,4,0
41100,1439,5,0
41100,1292,6,0
41100,1542,7,0
41100,22225,8,0
41100,2437,9,0
41100,4605,10,0
41100,4611,11,0
41100,4617,12,0
41100,8005,13,1
41101,8004,1,0
41101,4370,2,0
41101,4376,3,0
41101,2158,4,0
41101,2289,5,0
41101,22224,6,0
41101,1457,7,0
41101,1321,8,0
41101,1364,9,0
41101,11344,10,0
41101,1973,11,1
41300,1223,1,0
41300,1973,2,0
41300,1732,3,0
41300,1643,4,0
41300,1964,5,0
41300,1941,6,0
41300,1306,7,0
41300,1301,8,0
41300,1792,9,0
41300,1629,10,0
41300,1525,11,0
41300,22225,12,0
41300,2437,13,0
41300,4605,14,0
41300,4611,15,0
41300,4617,16,0
41300,8005,17,1
41301,8004,1,0
41301,4370,2,0
41301,4376,3,0
41301,2158,4,0
41301,2289,5,0
41301,22224,6,0
41301,1728,7,0
41301,1991,8,0
41301,1301,9,0
41301,1794,10,0
41301,1711,11,0
41301,1903,12,0
41301,1898,13,0
41301,1973,14,0
41301,1227,15,1
41400,2636,1,0
41400,22225,2,0
41400,2437,3,0
41400,4605,4,0
41400,4611,5,0
41400,4617,6,0
41400,8005,7,1
41401,8004,1,0
41401,4370,2,0
41401,4376,3,0
41401,2158,4,0
41401,2289,5,0
41401,22224,6,0
41401,2844,7,0
41401,2636,8,1
42000,8800,1,0
42000,8806,2,0
42000,8802,3,0
42000,8804,4,0
42000,8810,5,0
42000,8811,6,0
42000,8812,7,0
42000,8814,8,0
42000,8816,9,0
42000,8803,10,0
42000,8801,11,0
42000,8707,12,0
42000,8705,13,0
42000,8703,14,0
42000,8701,15,0
42000,8013,16,0
42000,8009,17,1
42001,8010,1,0
42001,8011,2,0
42001,8012,3,0
42001,8700,4,0
42001,8702,5,0
42001,8704,6,0
42001,8706,7,0
42001,8800,8,1
43000,7921,1,0
43000,7903,2,0
43000,7901,3,0
43000,7910,4,0
43000,7914,5,0
43000,7857,6,0
43000,7508,7,0
43000,7510,8,0
43000,7512,9,0
43000,7514,10,0
43000,7516,11,0
43000,7436,12,0
43000,7438,13,0
43000,7601,14,0
43000,7603,15,0
43000,7605,16,0
43000,8322,17,0
43000,8320,18,0
43000,8118,19,0
43000,8116,20,0
43000,8114,21,0
43000,8110,22,1
43001,8101,1,0
43001,8109,2,0
43001,8112,3,0
43001,8304,4,0
43001,8848,5,0
43001,8846,6,0
43001,7923,7,0
43001,7921,8,1
43100,7920,1,0
43100,7922,2,0
43100,8847,3,0
43100,8849,4,0
43100,8305,5,0
43100,8110,6,1
43101,8101,1,0
43101,8109,2,0
43101,8113,3,0
43101,8117,4,0
43101,8115,5,0
43101,8317,6,0
43101,8319,7,0
43101,7604,8,0
43101,7602,9,0
43101,7600,10,0
43101,7437,11,0
43101,7435,12,0
43101,7515,13,0
43101,7513,14,0
43101,7511,15,0
43101,7509,16,0
43101,7506,17,0
43101,7807,18,0
43101,7900,19,0
43101,7902,20,0
43101,7904,21,0
43101,7920,22,1
43200,7870,1,0
43200,7862,2,0
43200,7508,3,0
43200,7510,4,0
43200,7512,5,0
43200,7520,6,0
43200,7522,7,0
43200,7524,8,0
43200,7526,9,0
43200,7516,10,0
43200,7872,11,0
43200,7874,12,0
43200,8305,13,0
43200,8110,14,1
43201,8101,1,0
43201,8109,2,0
43201,8112,3,0
43201,8304,4,0
43201,8851,5,0
43201,7873,6,0
43201,7870,7,1
43300,7272,1,0
43300,7290,2,0
43300,7296,3,0
43300,7323,4,0
43300,7321,5,0
43300,7319,6,0
43300,7317,7,0
43300,7315,8,0
43300,7313,9,0
43300,7433,10,0
43300,7431,11,0
43300,7701,12,0
43300,7703,13,0
43300,7705,14,0
43300,7707,15,0
43300,8138,16,0
43300,8123,17,0
43300,8116,18,0
43300,8114,19,0
43300,8110,20,1
43301,8101,1,0
43301,8109,2,0
43301,8113,3,0
43301,8124,4,0
43301,8135,5,0
43301,7706,6,0
43301,7704,7,0
43301,7702,8,0
43301,7700,9,0
43301,7272,10,1
44000,7199,1,0
44000,7195,2,0
44000,7112,3,0
44000,7118,4,0
44000,7119,5,0
44000,7122,6,0
44000,7124,7,0
44000,7106,8,0
44000,7104,9,0
44000,7011,10,0
44000,7017,11,0
44000,7023,12,0
44000,7029,13,0
44000,1042,14,0
44000,1048,15,0
44000,1054,16,0
44000,1060,17,0
44000,1068,18,0
44000,7102,19,1
44001,7103,1,0
44001,7105,2,0
44001,1090,3,0
44001,1094,4,0
44001,1096,5,0
44001,1099,6,0
44001,7006,7,0
44001,7012,8,0
44001,7018,9,0
44001,7024,10,0
44001,7199,11,1
44100,4913,1,0
44100,4915,2,0
44100,4917,3,0
44100,9461,4,0
44100,9353,5,0
44100,9157,6,0
44100,9159,7,0
44100,9206,8,0
44100,9219,9,0
44100,9225,10,0
44100,9229,11,0
44100,9233,12,0
44100,9235,13,0
44100,9237,14,0
44100,9239,15,0
44100,9160,16,0
44100,7106,17,0
44100,7104,18,0
44100,7102,19,1
44101,7103,1,0
44101,7105,2,0
44101,9150,3,0
44101,9240,4,0
44101,9238,5,0
44101,9236,6,0
44101,9234,7,0
44101,9228,8,0
44101,9224,9,0
44101,9222,10,0
44101,9223,11,0
44101,9117,12,0
44101,9115,13,0
44101,9352,14,0
44101,4939,15,0
44101,4937,16,0
44101,4935,17,0
44101,4933,18,1
44200,9015,1,0
44200,9016,2,0
44200,9017,3,0
44200,9023,4,0
44200,9025,5,0
44200,9029,6,0
44200,9180,7,0
44200,9184,8,0
44200,9048,9,0
44200,1107,10,0
44200,1001,11,0
44200,1004,12,0
44200,1010,13,0
44200,1011,14,1
44201,8101,1,0
44201,8109,2,0
44201,1013,3,0
44201,1014,4,0
44201,1002,5,0
44201,1005,6,0
44201,1006,7,0
44201,1012,8,0
44201,9005,9,0
44201,9015,10,1
44300,6006,1,0
44300,6012,2,0
44300,6018,3,0
44300,6024,4,0
44300,6030,5,0
44300,6036,6,0
44300,6127,7,0
44300,6102,8,0
44300,6108,9,0
44300,6126,10,0
44300,6132,11,0
44300,6138,12,0
44300,6144,13,0
44300,6150,14,0
44300,6156,15,0
44300,1009,16,0
44300,1005,17,0
44300,1006,18,0
44300,1012,19,0
44300,1018,20,0
44300,1024,21,0
44300,1030,22,0
44300,1038,23,0
44300,1071,24,0
44300,1077,25,0
44300,1085,26,0
44300,1087,27,0
44300,1010,28,0
44300,1011,29,1
44301,1013,1,0
44301,1088,2,0
44301,1084,3,0
44301,1072,4,0
44301,1052,5,0
44301,1033,6,0
44301,1019,7,0
44301,1107,8,0
44301,1007,9,0
44301,1008,10,0
44301,6079,11,0
44301,6085,12,0
44301,6091,13,0
44301,6097,14,0
44301,6103,15,0
44301,6109,16,0
44301,6115,17,0
44301,6121,18,0
44301,6090,19,0
44301,6041,20,0
44301,6047,21,0
44301,6053,22,0
44301,6059,23,0
44301,6065,24,0
44301,5149,25,1
45000,2001,1,0
45000,6048,2,0
45000,6054,3,0
45000,6060,4,0
45000,6066,5,0
45000,6072,6,0
45000,1004,7,0
45000,1010,8,0
45000,1011,9,0
45000,8111,10,0
45000,8110,11,1
45001,8101,1,0
45001,8109,2,0
45001,8105,3,0
45001,1013,4,0
45001,1014,5,0
45001,1002,6,0
45001,2001,7,1
45100,6006,1,0
45100,4006,2,0
45100,5040,3,0
45100,5044,4,0
45100,5046,5,0
45100,5048,6,0
45100,5054,7,0
45100,5072,8,0
45100,5078,9,0
45100,5090,10,0
45100,5096,11,0
45100,4030,12,0
45100,5114,13,0
45100,5120,14,0
45100,4805,15,0
45100,5126,16,0
45100,5132,17,0
45100,5138,18,0
45100,5144,19,0
45100,5150,20,0
45100,5156,21,0
45100,1010,22,0
45100,1011,23,1
45101,1013,1,0
45101,1014,2,0
45101,5005,3,0
45101,5011,4,0
45101,5023,5,0
45101,5029,6,0
45101,5035,7,0
45101,4036,8,0
45101,5041,9,0
45101,5047,10,0
45101,5065,11,0
45101,5071,12,0
45101,5077,13,0
45101,5083,14,0
45101,5089,15,0
45101,5095,16,0
45101,5101,17,0
45101,5107,18,0
45101,5109,19,0
45101,5111,20,0
45101,5115,21,0
45101,5149,22,1
49000,8800,1,0
49000,8816,2,0
49000,8806,3,0
49000,8802,4,0
49000,8804,5,0
49000,8810,6,0
49000,8811,7,0
49000,8812,8,0
49000,8814,9,0
49000,8803,10,0
49000,8801,11,0
49000,8848,12,0
49000,8846,13,0
49000,7923,14,0
49000,7921,15,0
49000,7903,16,0
49000,7901,17,0
49000,7910,18,0
49000,7914,19,0
49000,7857,20,0
49000,7515,21,0
49000,7520,22,0
49000,7522,23,0
49000,7524,24,0
49000,7526,25,0
49000,7516,26,0
49000,7436,27,0
49000,7438,28,0
49000,7872,29,0
49000,7874,30,0
49000,8305,31,0
49000,8110,32,1
49001,8010,1,0
49001,8011,2,0
49001,8012,3,0
49001,8700,4,0
49001,8702,5,0
49001,8704,6,0
49001,8706,7,0
49001,8800,8,1
49100,7807,1,0
49100,7900,2,0
49100,7910,3,0
49100,7914,4,0
49100,7857,5,0
49100,7508,6,0
49100,7510,7,0
49100,7512,8,0
49100,7514,9,0
49100,7516,10,0
49100,7406,11,0
49100,7432,12,0
49100,7306,13,0
49100,7308,14,0
49100,7310,15,0
49100,7312,16,0
49100,7318,17,0
49100,7324,18,0
49100,7330,19,0
49100,7205,20,0
49100,7211,21,0
49100,7229,22,0
49100,7701,23,0
49100,7703,24,0
49100,7705,25,0
49100,7707,26,0
49100,8138,27,0
49100,8123,28,0
49100,8116,29,0
49100,8114,30,0
49100,8110,31,1
49101,8010,1,0
49101,8011,2,0
49101,8012,3,0
49101,8700,4,0
49101,8702,5,0
49101,8704,6,0
49101,8706,7,0
49101,8800,8,0
49101,8816,9,0
49101,8101,10,0
49101,8109,11,0
49101,8113,12,0
49101,8117,13,0
49101,8115,14,0
49101,8317,15,0
49101,8319,16,0
49101,7604,17,0
49101,7602,18,0
49101,7600,19,0
49101,7862,20,0
49101,7506,21,0
49101,7807,22,1
49200,9157,1,0
49200,9159,2,0
49200,9206,3,0
49200,9219,4,0
49200,9225,5,0
49200,9229,6,0
49200,9233,7,0
49200,9235,8,0
49200,9237,9,0
49200,9239,10,0
49200,9160,11,0
49200,7199,12,0
49200,7195,13,0
49200,7112,14,0
49200,7118,15,0
49200,7119,16,0
49200,7122,17,0
49200,7124,18,0
49200,7011,19,0
49200,7017,20,0
49200,7023,21,0
49200,7029,22,0
49200,1042,23,0
49200,1048,24,0
49200,1054,25,0
49200,1060,26,0
49200,1068,27,0
49200,1052,28,0
49200,1033,29,0
49200,1019,30,0
49200,1107,31,0
49200,1001,32,0
49200,1004,33,0
49200,1010,34,0
49200,1011,35,1
49201,8010,1,0
49201,8011,2,0
49201,8012,3,0
49201,8700,4,0
49201,8702,5,0
49201,8704,6,0
49201,8706,7,0
49201,8800,8,0
49201,8816,9,0
49201,8101,10,0
49201,8109,11,0
49201,1013,12,0
49201,1014,13,0
49201,1002,14,0
49201,1005,15,0
49201,1006,16,0
49201,1012,17,0
49201,9005,18,0
49201,9015,19,0
49201,9016,20,0
49201,9017,21,0
49201,9023,22,0
49201,9025,23,0
49201,9029,24,0
49201,9157,25,1
49300,6097,1,0
49300,6103,2,0
49300,6109,3,0
49300,6115,4,0
49300,6121,5,0
49300,6090,6,0
49300,6041,7,0
49300,6047,8,0
49300,6053,9,0
49300,6059,10,0
49300,6065,11,0
49300,4006,12,0
49300,6048,13,0
49300,6054,14,0
49300,6060,15,0
49300,6066,16,0
49300,6072,17,0
49300,1004,18,0
49300,1088,19,0
49300,1084,20,0
49300,1072,21,0
49300,1090,22,0
49300,1094,23,0
49300,1096,24,0
49300,1099,25,0
49300,7006,26,0
49300,7012,27,0
49300,7018,28,0
49300,7024,29,0
49300,7106,30,0
49300,7104,31,0
49300,7102,32,0
49300,8111,33,0
49300,8110,34,1
49301,8010,1,0
49301,8011,2,0
49301,8012,3,0
49301,8700,4,0
49301,8702,5,0
49301,8704,6,0
49301,8706,7,0
49301,8800,8,0
49301,8816,9,0
49301,8101,10,0
49301,8109,11,0
49301,7103,12,0
49301,7011,13,0
49301,7017,14,0
49301,7023,15,0
49301,7029,16,0
49301,1042,17,0
49301,1048,18,0
49301,1054,19,0
49301,1060,20,0
49301,1068,21,0
49301,1071,22,0
49301,1077,23,0
49301,1085,24,0
49301,1087,25,0
49301,1002,26,0
49301,2001,27,0
49301,6079,28,0
49301,6085,29,0
49301,6091,30,0
49301,6097,31,1
49400,5011,1,0
49400,5035,2,0
49400,6006,3,0
49400,6012,4,0
49400,4913,5,0
49400,4915,6,0
49400,4917,7,0
49400,9353,8,0
49400,9180,9,0
49400,9184,10,0
49400,9048,11,0
49400,1107,12,0
49400,1001,13,0
49400,1004,14,0
49400,5005,15,0
49400,5023,16,0
49400,5029,17,0
49400,4036,18,0
49400,8013,19,1
49401,8010,1,0
49401,8011,2,0
49401,8012,3,0
49401,8700,4,0
49401,8702,5,0
49401,8704,6,0
49401,8706,7,0
49401,8800,8,0
49401,8816,9,0
49401,1013,10,0
49401,1014,11,0
49401,5005,12,0
49401,5023,13,0
49401,5029,14,0
49401,4036,15,0
49401,5041,16,0
49401,5047,17,0
49401,5065,18,0
49401,5071,19,0
49401,5077,20,0
49401,5083,21,0
49401,5089,22,0
49401,5095,23,0
49401,5101,24,0
49401,5107,25,0
49401,5109,26,0
49401,5111,27,0
49401,5115,28,0
49401,5149,29,1
1043300,7921,1,0
1043300,7903,2,0
1043300,7901,3,0
1043300,7406,4,0
1043300,7432,5,0
1043300,7306,6,0
1043300,7308,7,0
1043300,7310,8,0
1043300,7312,9,0
1043300,7318,10,0
1043300,7324,11,0
1043300,7330,12,0
1043300,7205,13,0
1043300,7211,14,0
1043300,7229,15,0
1043300,7701,16,0
1043300,7703,17,0
1043300,7705,18,0
1043300,7707,19,0
1043300,8138,20,0
1043300,8123,21,0
1043300,8116,22,0
1043300,8114,23,1
1043301,8113,1,0
1043301,8124,2,0
1043301,8135,3,0
1043301,7706,4,0
1043301,7704,5,0
1043301,7702,6,0
1043301,7700,7,0
1043301,7272,8,0
1043301,7290,9,0
1043301,7296,10,0
1043301,7323,11,0
1043301,7321,12,0
1043301,7319,13,0
1043301,7317,14,0
1043301,7315,15,0
1043301,7313,16,0
1043301,7433,17,0
1043301,7431,18,0
1043301,7862,19,0
1043301,7506,20,0
1043301,7807,21,0
1043301,7900,22,0
1043301,7902,23,0
1043301,7904,24,0
1043301,7920,25,1
1044100,9115,1,0
1044100,9157,2,0
1044100,9159,3,0
1044100,9206,4,0
1044100,9219,5,0
1044100,9225,6,0
1044100,9229,7,0
1044100,9233,8,0
1044100,9235,9,0
1044100,9237,10,0
1044100,9239,11,0
1044100,9160,12,0
1044100,7106,13,0
1044100,7104,14,0
1044100,7102,15,1
1044101,7103,1,0
1044101,7105,2,0
1044101,9150,3,0
1044101,9240,4,0
1044101,9238,5,0
1044101,9236,6,0
1044101,9234,7,0
1044101,9228,8,0
1044101,9224,9,0
1044101,9222,10,0
1044101,9223,11,0
1044101,9117,12,0
1044101,9115,13,0
1044101,9157,14,1
1044300,6035,1,0
1044300,6127,2,0
1044300,6102,3,0
1044300,6108,4,0
1044300,6126,5,0
1044300,6132,6,0
1044300,6138,7,0
1044300,6144,8,0
1044300,6150,9,0
1044300,6156,10,0
1044300,1009,11,0
1044300,2000,12,0
1044300,1001,13,0
1044300,1004,14,0
1044300,1010,15,0
1044300,1011,16,1
1044301,1013,1,0
1044301,1014,2,0
1044301,1002,3,0
1044301,2001,4,0
1044301,6035,5,0
1044301,6079,6,0
1044301,6085,7,0
1044301,6091,8,0
1044301,6097,9,0
1044301,6103,10,0
1044301,6109,11,0
1044301,6115,12,0
1044301,6121,13,0
1044301,6090,14,0
1044301,6042,15,0
1044301,2000,16,1
1045100,5040,1,0
1045100,5044,2,0
1045100,5046,3,0
1045100,5048,4,0
1045100,5054,5,0
1045100,5072,6,0
1045100,5078,7,0
1045100,5090,8,0
1045100,5096,9,0
1045100,4030,10,0
1045100,4036,11,0
1045100,8005,12,1
1045101,8010,1,0
1045101,8006,2,0
1045101,4805,3,0
1045101,5065,4,0
1045101,5071,5,0
1045101,5077,6,0
1045101,5083,7,0
1045101,5089,8,0
1045101,5095,9,0
1045101,5101,10,0
1045101,5107,11,0
1045101,5109,12,0
1045101,5111,13,0
1045101,5115,14,1
2044300,6048,1,0
2044300,6054,2,0
2044300,6060,3,0
2044300,6066,4,0
2044300,1005,5,0
2044300,1006,6,0
2044300,1012,7,0
2044300,1018,8,0
2044300,1024,9,0
2044300,1030,10,0
2044300,1038,11,0
2044300,1071,12,0
2044300,1077,13,0
2044300,1085,14,0
2044300,1087,15,0
2044300,1010,16,0
2044300,1011,17,1
2044301,1013,1,0
2044301,1088,2,0
2044301,1084,3,0
2044301,1072,4,0
2044301,1052,5,0
2044301,1033,6,0
2044301,1019,7,0
2044301,1107,8,0
2044301,6011,9,0
2044301,6017,10,0
2044301,6023,11,0
2044301,6029,12,1
2045100,5041,1,0
2045100,5049,2,0
2045100,5051,3,0
2045100,5053,4,0
2045100,5126,5,0
2045100,5132,6,0
2045100,5138,7,0
2045100,5144,8,0
2045100,5150,9,0
2045100,5156,10,0
2045100,1010,11,0
2045100,1011,12,1
2045101,1013,1,0
2045101,1014,2,0
2045101,5005,3,0
2045101,5011,4,0
2045101,5023,5,0
2045101,5029,6,0
2045101,5035,7,0
2045101,4036,8,0
2045101,5041,9,1
