43200,'Weekday-30',557,,3501,6,4,,1,70,,3515,13,4,,1,30,,3502,13,4,,1,70,,3516,13,4,,1,30,,3503,13,4,,1,70,,3517,13,4,,1,30,,3504,13,4,,1,70,,3518,13,4,,1,30,,3505,13,4,,1,70,,3519,13,4,,1,30,,3506,13,4,,1,70,,3520,13,4,,1,30,,3507,13,4,,1,70,,3521,13,4,,1,30,,3508,13,4,,1,70,,3522,13,4,,1,30,,3509,13,4,,1,70,,3523,13,4,,1,30,,3510,13,4,,1,70,,3524,13,4,,1,30,,3511,13,4,,1,70,,3525,13,4,,1,30,,3512,13,4,,1,70,,3526,13,4,,1,30,,3513,13,4,,1,70,,3527,13,4,,1,30,,3514,13,4,,1
43200,'Weekday-32',557,,3528,6,4,,1,70,,3542,13,4,,1,30,,3529,13,4,,1,70,,3543,13,4,,1,30,,3530,13,4,,1,70,,3544,13,4,,1,30,,3531,13,4,,1,70,,3545,13,4,,1,30,,3532,13,4,,1,70,,3546,13,4,,1,30,,3533,13,4,,1,70,,3547,13,4,,1,30,,3534,13,4,,1,70,,3548,13,4,,1,30,,3535,13,4,,1,70,,3549,13,4,,1,30,,3536,13,4,,1,70,,3550,13,4,,1,30,,3537,13,4,,1,70,,3551,13,4,,1,30,,3538,13,4,,1,70,,3552,13,4,,1,30,,3539,13,4,,1,70,,3553,13,4,,1,30,,3540,13,4,,1,70,,3554,13,4,,1,30,,3541,13,4,,1
43200,'Weekday-33',557,,3555,6,4,,1,70,,3569,13,4,,1,30,,3556,13,4,,1,70,,3570,13,4,,1,30,,3557,13,4,,1,70,,3571,13,4,,1,30,,3558,13,4,,1,70,,3572,13,4,,1,30,,3559,13,4,,1,70,,3573,13,4,,1,30,,3560,13,4,,1,70,,3574,13,4,,1,30,,3561,13,4,,1,70,,3575,13,4,,1,30,,3562,13,4,,1,70,,3576,13,4,,1,30,,3563,13,4,,1,70,,3577,13,4,,1,30,,3564,13,4,,1,70,,3578,13,4,,1,30,,3565,13,4,,1,70,,3579,13,4,,1,30,,3566,13,4,,1,70,,3580,13,4,,1,30,,3567,13,4,,1,70,,3581,13,4,,1,30,,3568,13,4,,1
43201,'Weekday-30',557,,3582,1,,,1,70,,3596,1,,,1,30,,3583,1,,,1,70,,3597,1,,,1,30,,3584,1,,,1,70,,3598,1,,,1,30,,3585,1,,,1,70,,3599,1,,,1,30,,3586,1,,,1,70,,3600,1,,,1,30,,3587,1,,,1,70,,3601,1,,,1,30,,3588,1,,,1,70,,3602,1,,,1,30,,3589,1,,,1,70,,3603,1,,,1,30,,3590,1,,,1,70,,3604,1,,,1,30,,3591,1,,,1,70,,3605,1,,,1,30,,3592,1,,,1,70,,3606,1,,,1,30,,3593,1,,,1,70,,3607,1,,,1,30,,3594,1,,,1,70,,3608,1,,,1,30,,3595,1,,,1
43201,'Weekday-32',557,,3609,1,,,1,70,,3623,1,,,1,30,,3610,1,,,1,70,,3624,1,,,1,30,,3611,1,,,1,70,,3625,1,,,1,30,,3612,1,,,1,70,,3626,1,,,1,30,,3613,1,,,1,70,,3627,1,,,1,30,,3614,1,,,1,70,,3628,1,,,1,30,,3615,1,,,1,70,,3629,1,,,1,30,,3616,1,,,1,70,,3630,1,,,1,30,,3617,1,,,1,70,,3631,1,,,1,30,,3618,1,,,1,70,,3632,1,,,1,30,,3619,1,,,1,70,,3633,1,,,1,30,,3620,1,,,1,70,,3634,1,,,1,30,,3621,1,,,1,70,,3635,1,,,1,30,,3622,1,,,1
43201,'Weekday-33',557,,3636,1,,,1,70,,3650,1,,,1,30,,3637,1,,,1,70,,3651,1,,,1,30,,3638,1,,,1,70,,3652,1,,,1,30,,3639,1,,,1,70,,3653,1,,,1,30,,3640,1,,,1,70,,3654,1,,,1,30,,3641,1,,,1,70,,3655,1,,,1,30,,3642,1,,,1,70,,3656,1,,,1,30,,3643,1,,,1,70,,3657,1,,,1,30,,3644,1,,,1,70,,3658,1,,,1,30,,3645,1,,,1,70,,3659,1,,,1,30,,3646,1,,,1,70,,3660,1,,,1,30,,3647,1,,,1,70,,3661,1,,,1,30,,3648,1,,,1,70,,3662,1,,,1,30,,3649,1,,,1
1043300,'Weekday-32',758,,4725,20,0,13 10 11,1
1043300,'Weekday-33',757,,4727,20,0,13 10 11,1
1043301,'Weekday-32',1430,,4729,9,0,13 10 11,1
1043301,'Weekday-33',1530,,4731,9,0,13 10 11,1
