43000,'Weekday-30',608,,3352,23,,,1,30,,3341,34,,,1,70,,3354,34,,,1,30,,3342,34,,,1,70,,3355,34,,,1,30,,3343,34,,,1,70,,3356,34,,,1,30,,3344,34,,,1,70,,3357,34,,,1,30,,3345,34,,,1,70,,3358,34,,,1,30,,3346,34,,,1,70,,3359,34,,,1,30,,3347,34,,,1,70,,3360,34,,,1,30,,3348,34,,,1,70,,3361,34,,,1,30,,3349,34,,,1,70,,3362,34,,,1,30,,3350,34,,,1,70,,3363,34,,,1,30,,3340,34,,,1,70,,3351,34,,,1,30,,3338,34,,,1,70,,3353,34,,,1,30,,3339,34,,,1
43000,'Weekday-32',608,,3378,23,,,1,30,,3367,34,,,1,70,,3380,34,,,1,30,,3368,34,,,1,70,,3381,34,,,1,30,,3369,34,,,1,70,,3382,34,,,1,30,,3370,34,,,1,70,,3383,34,,,1,30,,3371,34,,,1,70,,3384,34,,,1,30,,3372,34,,,1,70,,3385,34,,,1,30,,3373,34,,,1,70,,3386,34,,,1,30,,3374,34,,,1,70,,3387,34,,,1,30,,3375,34,,,1,70,,3388,34,,,1,30,,3376,34,,,1,70,,3389,34,,,1,30,,3366,34,,,1,70,,3377,34,,,1,30,,3364,34,,,1,70,,3379,34,,,1,30,,3365,34,,,1
43000,'Weekday-33',608,,3406,23,,,1,30,,3395,34,,,1,70,,3408,34,,,1,30,,3396,34,,,1,70,,3409,34,,,1,30,,3397,34,,,1,70,,3410,34,,,1,30,,3398,34,,,1,70,,3411,34,,,1,30,,3399,34,,,1,70,,3412,34,,,1,30,,3400,34,,,1,70,,3413,34,,,1,30,,3401,34,,,1,70,,3414,34,,,1,30,,3402,34,,,1,70,,3415,34,,,1,30,,3403,34,,,1,70,,3416,34,,,1,30,,3404,34,,,1,70,,3417,34,,,1,30,,3394,34,,,1,70,,3405,34,,,1,30,,3392,34,,,1,70,,3407,34,,,1,30,,3393,34,,,1
43100,'Weekday-30',608,,3446,18,,,1,30,,3420,30,,,1,70,,3433,30,,,1,30,,3421,30,,,1,70,,3434,30,,,1,30,,3422,30,,,1,70,,3435,30,,,1,30,,3423,30,,,1,70,,3436,30,,,1,30,,3424,30,,,1,70,,3437,30,,,1,30,,3425,30,,,1,70,,3438,30,,,1,30,,3426,30,,,1,70,,3439,30,,,1,30,,3427,30,,,1,70,,3440,30,,,1,30,,3428,30,,,1,70,,3441,30,,,1,30,,3429,30,,,1,70,,3442,30,,,1,30,,3430,30,,,1,70,,3443,30,,,1,30,,3431,30,,,1,70,,3444,30,,,1,30,,3432,30,,,1,70,,3445,30,,,1
43100,'Weekday-32',608,,3473,18,,,1,30,,3447,30,,,1,70,,3460,30,,,1,30,,3448,30,,,1,70,,3461,30,,,1,30,,3449,30,,,1,70,,3462,30,,,1,30,,3450,30,,,1,70,,3463,30,,,1,30,,3451,30,,,1,70,,3464,30,,,1,30,,3452,30,,,1,70,,3465,30,,,1,30,,3453,30,,,1,70,,3466,30,,,1,30,,3454,30,,,1,70,,3467,30,,,1,30,,3455,30,,,1,70,,3468,30,,,1,30,,3456,30,,,1,70,,3469,30,,,1,30,,3457,30,,,1,70,,3470,30,,,1,30,,3458,30,,,1,70,,3471,30,,,1,30,,3459,30,,,1,70,,3472,30,,,1
43100,'Weekday-33',608,,3500,18,,,1,30,,3474,30,,,1,70,,3487,30,,,1,30,,3475,30,,,1,70,,3488,30,,,1,30,,3476,30,,,1,70,,3489,30,,,1,30,,3477,30,,,1,70,,3490,30,,,1,30,,3478,30,,,1,70,,3491,30,,,1,30,,3479,30,,,1,70,,3492,30,,,1,30,,3480,30,,,1,70,,3493,30,,,1,30,,3481,30,,,1,70,,3494,30,,,1,30,,3482,30,,,1,70,,3495,30,,,1,30,,3483,30,,,1,70,,3496,30,,,1,30,,3484,30,,,1,70,,3497,30,,,1,30,,3485,30,,,1,70,,3498,30,,,1,30,,3486,30,,,1,70,,3499,30,,,1
43201,'Weekday-30',608,,3582,11,,,1,30,,3596,11,,,1,70,,3583,11,,,1,30,,3597,11,,,1,70,,3584,11,,,1,30,,3598,11,,,1,70,,3585,11,,,1,30,,3599,11,,,1,70,,3586,11,,,1,30,,3600,11,,,1,70,,3587,11,,,1,30,,3601,11,,,1,70,,3588,11,,,1,30,,3602,11,,,1,70,,3589,11,,,1,30,,3603,11,,,1,70,,3590,11,,,1,30,,3604,11,,,1,70,,3591,11,,,1,30,,3605,11,,,1,70,,3592,11,,,1,30,,3606,11,,,1,70,,3593,11,,,1,30,,3607,11,,,1,70,,3594,11,,,1,30,,3608,11,,,1,70,,3595,11,,,1
43201,'Weekday-32',608,,3609,11,,,1,30,,3623,11,,,1,70,,3610,11,,,1,30,,3624,11,,,1,70,,3611,11,,,1,30,,3625,11,,,1,70,,3612,11,,,1,30,,3626,11,,,1,70,,3613,11,,,1,30,,3627,11,,,1,70,,3614,11,,,1,30,,3628,11,,,1,70,,3615,11,,,1,30,,3629,11,,,1,70,,3616,11,,,1,30,,3630,11,,,1,70,,3617,11,,,1,30,,3631,11,,,1,70,,3618,11,,,1,30,,3632,11,,,1,70,,3619,11,,,1,30,,3633,11,,,1,70,,3620,11,,,1,30,,3634,11,,,1,70,,3621,11,,,1,30,,3635,11,,,1,70,,3622,11,,,1
43201,'Weekday-33',608,,3636,11,,,1,30,,3650,11,,,1,70,,3637,11,,,1,30,,3651,11,,,1,70,,3638,11,,,1,30,,3652,11,,,1,70,,3639,11,,,1,30,,3653,11,,,1,70,,3640,11,,,1,30,,3654,11,,,1,70,,3641,11,,,1,30,,3655,11,,,1,70,,3642,11,,,1,30,,3656,11,,,1,70,,3643,11,,,1,30,,3657,11,,,1,70,,3644,11,,,1,30,,3658,11,,,1,70,,3645,11,,,1,30,,3659,11,,,1,70,,3646,11,,,1,30,,3660,11,,,1,70,,3647,11,,,1,30,,3661,11,,,1,70,,3648,11,,,1,30,,3662,11,,,1,70,,3649,11,,,1
43301,'Weekday-30',608,,3748,11,,,1,30,,3758,11,,,1,70,,3755,11,,,1,30,,3759,11,,,1,70,,3756,11,,,1,30,,3760,11,,,1,70,,3751,11,,,1,30,,3761,11,,,1,70,,3747,11,,,1,30,,3762,11,,,1,70,,3750,11,,,1,30,,3763,11,,,1,70,,3752,11,,,1,30,,3764,11,,,1,70,,3749,11,,,1,30,,3765,11,,,1,70,,3746,11,,,1,30,,3766,11,,,1,70,,3754,11,,,1,30,,3767,11,,,1,70,,3745,11,,,1,30,,3768,11,,,1,70,,3753,11,,,1,30,,3769,11,,,1,70,,3744,11,,,1,30,,3770,11,,,1,70,,3757,11,,,1
43301,'Weekday-32',608,,3775,11,,,1,30,,3785,11,,,1,70,,3782,11,,,1,30,,3786,11,,,1,70,,3783,11,,,1,30,,3787,11,,,1,70,,3778,11,,,1,30,,3788,11,,,1,70,,3774,11,,,1,30,,3789,11,,,1,70,,3777,11,,,1,30,,3790,11,,,1,70,,3779,11,,,1,30,,3791,11,,,1,70,,3776,11,,,1,30,,3792,11,,,1,70,,3773,11,,,1,30,,3793,11,,,1,70,,3781,11,,,1,30,,3794,11,,,1,70,,3772,11,,,1,30,,3795,11,,,1,70,,3780,11,,,1,30,,3796,11,,,1,70,,3771,11,,,1,30,,3797,11,,,1,70,,3784,11,,,1
43301,'Weekday-33',608,,3802,11,,,1,30,,3812,11,,,1,70,,3809,11,,,1,30,,3813,11,,,1,70,,3810,11,,,1,30,,3814,11,,,1,70,,3805,11,,,1,30,,3815,11,,,1,70,,3801,11,,,1,30,,3816,11,,,1,70,,3804,11,,,1,30,,3817,11,,,1,70,,3806,11,,,1,30,,3818,11,,,1,70,,3803,11,,,1,30,,3819,11,,,1,70,,3800,11,,,1,30,,3820,11,,,1,70,,3808,11,,,1,30,,3821,11,,,1,70,,3799,11,,,1,30,,3822,11,,,1,70,,3807,11,,,1,30,,3823,11,,,1,70,,3798,11,,,1,30,,3824,11,,,1,70,,3811,11,,,1
45001,'Weekday-30',608,,4491,11,,,1,30,,4479,11,,,1,70,,4493,11,,,1,30,,4480,11,,,1,70,,4494,11,,,1,30,,4481,11,,,1,70,,4495,11,,,1,30,,4482,11,,,1,70,,4496,11,,,1,30,,4492,11,,,1,70,,4497,11,,,1,30,,4483,11,,,1,70,,4498,11,,,1,30,,4484,11,,,1,70,,4499,11,,,1,30,,4485,11,,,1,70,,4500,11,,,1,30,,4486,11,,,1,70,,4501,11,,,1,30,,4487,11,,,1,70,,4502,11,,,1,30,,4488,11,,,1,70,,4503,11,,,1,30,,4489,11,,,1,70,,4504,11,,,1,30,,4490,11,,,1,70,,4505,11,,,1
45001,'Weekday-32',608,,4518,11,,,1,30,,4506,11,,,1,70,,4520,11,,,1,30,,4507,11,,,1,70,,4521,11,,,1,30,,4508,11,,,1,70,,4522,11,,,1,30,,4509,11,,,1,70,,4523,11,,,1,30,,4519,11,,,1,70,,4524,11,,,1,30,,4510,11,,,1,70,,4525,11,,,1,30,,4511,11,,,1,70,,4526,11,,,1,30,,4512,11,,,1,70,,4527,11,,,1,30,,4513,11,,,1,70,,4528,11,,,1,30,,4514,11,,,1,70,,4529,11,,,1,30,,4515,11,,,1,70,,4530,11,,,1,30,,4516,11,,,1,70,,4531,11,,,1,30,,4517,11,,,1,70,,4532,11,,,1
45001,'Weekday-33',608,,4545,11,,,1,30,,4533,11,,,1,70,,4547,11,,,1,30,,4534,11,,,1,70,,4548,11,,,1,30,,4535,11,,,1,70,,4549,11,,,1,30,,4536,11,,,1,70,,4550,11,,,1,30,,4546,11,,,1,70,,4551,11,,,1,30,,4537,11,,,1,70,,4552,11,,,1,30,,4538,11,,,1,70,,4553,11,,,1,30,,4539,11,,,1,70,,4554,11,,,1,30,,4540,11,,,1,70,,4555,11,,,1,30,,4541,11,,,1,70,,4556,11,,,1,30,,4542,11,,,1,70,,4557,11,,,1,30,,4543,11,,,1,70,,4558,11,,,1,30,,4544,11,,,1,70,,4559,11,,,1
