43000,'Weekday-30',608,,3352,22,,,1,30,,3341,33,,,1,70,,3354,33,,,1,30,,3342,33,,,1,70,,3355,33,,,1,30,,3343,33,,,1,70,,3356,33,,,1,30,,3344,33,,,1,70,,3357,33,,,1,30,,3345,33,,,1,70,,3358,33,,,1,30,,3346,33,,,1,70,,3359,33,,,1,30,,3347,33,,,1,70,,3360,33,,,1,30,,3348,33,,,1,70,,3361,33,,,1,30,,3349,33,,,1,70,,3362,33,,,1,30,,3350,33,,,1,70,,3363,33,,,1,30,,3340,33,,,1,70,,3351,33,,,1,30,,3338,33,,,1,70,,3353,33,,,1,30,,3339,33,,,1
43000,'Weekday-32',608,,3378,22,,,1,30,,3367,33,,,1,70,,3380,33,,,1,30,,3368,33,,,1,70,,3381,33,,,1,30,,3369,33,,,1,70,,3382,33,,,1,30,,3370,33,,,1,70,,3383,33,,,1,30,,3371,33,,,1,70,,3384,33,,,1,30,,3372,33,,,1,70,,3385,33,,,1,30,,3373,33,,,1,70,,3386,33,,,1,30,,3374,33,,,1,70,,3387,33,,,1,30,,3375,33,,,1,70,,3388,33,,,1,30,,3376,33,,,1,70,,3389,33,,,1,30,,3366,33,,,1,70,,3377,33,,,1,30,,3364,33,,,1,70,,3379,33,,,1,30,,3365,33,,,1
43000,'Weekday-33',608,,3406,22,,,1,30,,3395,33,,,1,70,,3408,33,,,1,30,,3396,33,,,1,70,,3409,33,,,1,30,,3397,33,,,1,70,,3410,33,,,1,30,,3398,33,,,1,70,,3411,33,,,1,30,,3399,33,,,1,70,,3412,33,,,1,30,,3400,33,,,1,70,,3413,33,,,1,30,,3401,33,,,1,70,,3414,33,,,1,30,,3402,33,,,1,70,,3415,33,,,1,30,,3403,33,,,1,70,,3416,33,,,1,30,,3404,33,,,1,70,,3417,33,,,1,30,,3394,33,,,1,70,,3405,33,,,1,30,,3392,33,,,1,70,,3407,33,,,1,30,,3393,33,,,1
43100,'Weekday-30',607,,3446,17,,,1,30,,3420,29,,,1,70,,3433,29,,,1,30,,3421,29,,,1,70,,3434,29,,,1,30,,3422,29,,,1,70,,3435,29,,,1,30,,3423,29,,,1,70,,3436,29,,,1,30,,3424,29,,,1,70,,3437,29,,,1,30,,3425,29,,,1,70,,3438,29,,,1,30,,3426,29,,,1,70,,3439,29,,,1,30,,3427,29,,,1,70,,3440,29,,,1,30,,3428,29,,,1,70,,3441,29,,,1,30,,3429,29,,,1,70,,3442,29,,,1,30,,3430,29,,,1,70,,3443,29,,,1,30,,3431,29,,,1,70,,3444,29,,,1,30,,3432,29,,,1,70,,3445,29,,,1
43100,'Weekday-32',607,,3473,17,,,1,30,,3447,29,,,1,70,,3460,29,,,1,30,,3448,29,,,1,70,,3461,29,,,1,30,,3449,29,,,1,70,,3462,29,,,1,30,,3450,29,,,1,70,,3463,29,,,1,30,,3451,29,,,1,70,,3464,29,,,1,30,,3452,29,,,1,70,,3465,29,,,1,30,,3453,29,,,1,70,,3466,29,,,1,30,,3454,29,,,1,70,,3467,29,,,1,30,,3455,29,,,1,70,,3468,29,,,1,30,,3456,29,,,1,70,,3469,29,,,1,30,,3457,29,,,1,70,,3470,29,,,1,30,,3458,29,,,1,70,,3471,29,,,1,30,,3459,29,,,1,70,,3472,29,,,1
43100,'Weekday-33',607,,3500,17,,,1,30,,3474,29,,,1,70,,3487,29,,,1,30,,3475,29,,,1,70,,3488,29,,,1,30,,3476,29,,,1,70,,3489,29,,,1,30,,3477,29,,,1,70,,3490,29,,,1,30,,3478,29,,,1,70,,3491,29,,,1,30,,3479,29,,,1,70,,3492,29,,,1,30,,3480,29,,,1,70,,3493,29,,,1,30,,3481,29,,,1,70,,3494,29,,,1,30,,3482,29,,,1,70,,3495,29,,,1,30,,3483,29,,,1,70,,3496,29,,,1,30,,3484,29,,,1,70,,3497,29,,,1,30,,3485,29,,,1,70,,3498,29,,,1,30,,3486,29,,,1,70,,3499,29,,,1
43301,'Weekday-30',608,,3748,10,,,1,30,,3758,10,,,1,70,,3755,10,,,1,30,,3759,10,,,1,70,,3756,10,,,1,30,,3760,10,,,1,70,,3751,10,,,1,30,,3761,10,,,1,70,,3747,10,,,1,30,,3762,10,,,1,70,,3750,10,,,1,30,,3763,10,,,1,70,,3752,10,,,1,30,,3764,10,,,1,70,,3749,10,,,1,30,,3765,10,,,1,70,,3746,10,,,1,30,,3766,10,,,1,70,,3754,10,,,1,30,,3767,10,,,1,70,,3745,10,,,1,30,,3768,10,,,1,70,,3753,10,,,1,30,,3769,10,,,1,70,,3744,10,,,1,30,,3770,10,,,1,70,,3757,10,,,1
43301,'Weekday-32',608,,3775,10,,,1,30,,3785,10,,,1,70,,3782,10,,,1,30,,3786,10,,,1,70,,3783,10,,,1,30,,3787,10,,,1,70,,3778,10,,,1,30,,3788,10,,,1,70,,3774,10,,,1,30,,3789,10,,,1,70,,3777,10,,,1,30,,3790,10,,,1,70,,3779,10,,,1,30,,3791,10,,,1,70,,3776,10,,,1,30,,3792,10,,,1,70,,3773,10,,,1,30,,3793,10,,,1,70,,3781,10,,,1,30,,3794,10,,,1,70,,3772,10,,,1,30,,3795,10,,,1,70,,3780,10,,,1,30,,3796,10,,,1,70,,3771,10,,,1,30,,3797,10,,,1,70,,3784,10,,,1
43301,'Weekday-33',608,,3802,10,,,1,30,,3812,10,,,1,70,,3809,10,,,1,30,,3813,10,,,1,70,,3810,10,,,1,30,,3814,10,,,1,70,,3805,10,,,1,30,,3815,10,,,1,70,,3801,10,,,1,30,,3816,10,,,1,70,,3804,10,,,1,30,,3817,10,,,1,70,,3806,10,,,1,30,,3818,10,,,1,70,,3803,10,,,1,30,,3819,10,,,1,70,,3800,10,,,1,30,,3820,10,,,1,70,,3808,10,,,1,30,,3821,10,,,1,70,,3799,10,,,1,30,,3822,10,,,1,70,,3807,10,,,1,30,,3823,10,,,1,70,,3798,10,,,1,30,,3824,10,,,1,70,,3811,10,,,1
45001,'Weekday-30',607,,4491,10,,,1,30,,4479,10,,,1,70,,4493,10,,,1,30,,4480,10,,,1,70,,4494,10,,,1,30,,4481,10,,,1,70,,4495,10,,,1,30,,4482,10,,,1,70,,4496,10,,,1,30,,4492,10,,,1,70,,4497,10,,,1,30,,4483,10,,,1,70,,4498,10,,,1,30,,4484,10,,,1,70,,4499,10,,,1,30,,4485,10,,,1,70,,4500,10,,,1,30,,4486,10,,,1,70,,4501,10,,,1,30,,4487,10,,,1,70,,4502,10,,,1,30,,4488,10,,,1,70,,4503,10,,,1,30,,4489,10,,,1,70,,4504,10,,,1,30,,4490,10,,,1,70,,4505,10,,,1
45001,'Weekday-32',607,,4518,10,,,1,30,,4506,10,,,1,70,,4520,10,,,1,30,,4507,10,,,1,70,,4521,10,,,1,30,,4508,10,,,1,70,,4522,10,,,1,30,,4509,10,,,1,70,,4523,10,,,1,30,,4519,10,,,1,70,,4524,10,,,1,30,,4510,10,,,1,70,,4525,10,,,1,30,,4511,10,,,1,70,,4526,10,,,1,30,,4512,10,,,1,70,,4527,10,,,1,30,,4513,10,,,1,70,,4528,10,,,1,30,,4514,10,,,1,70,,4529,10,,,1,30,,4515,10,,,1,70,,4530,10,,,1,30,,4516,10,,,1,70,,4531,10,,,1,30,,4517,10,,,1,70,,4532,10,,,1
45001,'Weekday-33',607,,4545,10,,,1,30,,4533,10,,,1,70,,4547,10,,,1,30,,4534,10,,,1,70,,4548,10,,,1,30,,4535,10,,,1,70,,4549,10,,,1,30,,4536,10,,,1,70,,4550,10,,,1,30,,4546,10,,,1,70,,4551,10,,,1,30,,4537,10,,,1,70,,4552,10,,,1,30,,4538,10,,,1,70,,4553,10,,,1,30,,4539,10,,,1,70,,4554,10,,,1,30,,4540,10,,,1,70,,4555,10,,,1,30,,4541,10,,,1,70,,4556,10,,,1,30,,4542,10,,,1,70,,4557,10,,,1,30,,4543,10,,,1,70,,4558,10,,,1,30,,4544,10,,,1,70,,4559,10,,,1
