43000,'Weekday-30',616,,3341,2,,,1,30,,3354,2,,,1,70,,3342,2,,,1,30,,3355,2,,,1,70,,3343,2,,,1,30,,3356,2,,,1,70,,3344,2,,,1,30,,3357,2,,,1,70,,3345,2,,,1,30,,3358,2,,,1,70,,3346,2,,,1,30,,3359,2,,,1,70,,3347,2,,,1,30,,3360,2,,,1,70,,3348,2,,,1,30,,3361,2,,,1,70,,3349,2,,,1,30,,3362,2,,,1,70,,3350,2,,,1,30,,3363,2,,,1,70,,3340,2,,,1,30,,3351,2,,,1,70,,3338,2,,,1,30,,3353,2,,,1,70,,3339,2,,,1
43000,'Weekday-32',616,,3367,2,,,1,30,,3380,2,,,1,70,,3368,2,,,1,30,,3381,2,,,1,60,,3391,2,0,8 18,1,10,,3369,2,,,1,30,,3382,2,,,1,70,,3370,2,,,1,30,,3383,2,,,1,70,,3371,2,,,1,30,,3384,2,,,1,70,,3372,2,,,1,30,,3385,2,,,1,70,,3373,2,,,1,30,,3386,2,,,1,70,,3374,2,,,1,30,,3387,2,,,1,70,,3375,2,,,1,30,,3388,2,,,1,70,,3376,2,,,1,30,,3389,2,,,1,70,,3366,2,,,1,30,,3377,2,,,1,70,,3364,2,,,1,30,,3379,2,,,1,70,,3365,2,,,1
43000,'Weekday-33',616,,3395,2,,,1,30,,3408,2,,,1,70,,3396,2,,,1,30,,3409,2,,,1,60,,3419,2,0,8 18,1,10,,3397,2,,,1,30,,3410,2,,,1,70,,3398,2,,,1,30,,3411,2,,,1,70,,3399,2,,,1,30,,3412,2,,,1,70,,3400,2,,,1,30,,3413,2,,,1,70,,3401,2,,,1,30,,3414,2,,,1,70,,3402,2,,,1,30,,3415,2,,,1,70,,3403,2,,,1,30,,3416,2,,,1,70,,3404,2,,,1,30,,3417,2,,,1,70,,3394,2,,,1,30,,3405,2,,,1,70,,3392,2,,,1,30,,3407,2,,,1,70,,3393,2,,,1
43100,'Weekday-30',616,,3420,2,,,1,30,,3433,2,,,1,70,,3421,2,,,1,30,,3434,2,,,1,70,,3422,2,,,1,30,,3435,2,,,1,70,,3423,2,,,1,30,,3436,2,,,1,70,,3424,2,,,1,30,,3437,2,,,1,70,,3425,2,,,1,30,,3438,2,,,1,70,,3426,2,,,1,30,,3439,2,,,1,70,,3427,2,,,1,30,,3440,2,,,1,70,,3428,2,,,1,30,,3441,2,,,1,70,,3429,2,,,1,30,,3442,2,,,1,70,,3430,2,,,1,30,,3443,2,,,1,70,,3431,2,,,1,30,,3444,2,,,1,70,,3432,2,,,1,30,,3445,2,,,1
43100,'Weekday-32',616,,3447,2,,,1,30,,3460,2,,,1,70,,3448,2,,,1,30,,3461,2,,,1,70,,3449,2,,,1,30,,3462,2,,,1,70,,3450,2,,,1,30,,3463,2,,,1,70,,3451,2,,,1,30,,3464,2,,,1,70,,3452,2,,,1,30,,3465,2,,,1,70,,3453,2,,,1,30,,3466,2,,,1,70,,3454,2,,,1,30,,3467,2,,,1,70,,3455,2,,,1,30,,3468,2,,,1,70,,3456,2,,,1,30,,3469,2,,,1,70,,3457,2,,,1,30,,3470,2,,,1,70,,3458,2,,,1,30,,3471,2,,,1,70,,3459,2,,,1,30,,3472,2,,,1
43100,'Weekday-33',616,,3474,2,,,1,30,,3487,2,,,1,70,,3475,2,,,1,30,,3488,2,,,1,70,,3476,2,,,1,30,,3489,2,,,1,70,,3477,2,,,1,30,,3490,2,,,1,70,,3478,2,,,1,30,,3491,2,,,1,70,,3479,2,,,1,30,,3492,2,,,1,70,,3480,2,,,1,30,,3493,2,,,1,70,,3481,2,,,1,30,,3494,2,,,1,70,,3482,2,,,1,30,,3495,2,,,1,70,,3483,2,,,1,30,,3496,2,,,1,70,,3484,2,,,1,30,,3497,2,,,1,70,,3485,2,,,1,30,,3498,2,,,1,70,,3486,2,,,1,30,,3499,2,,,1
43200,'Weekday-30',615,,3515,2,,,1,30,,3502,2,,,1,70,,3516,2,,,1,30,,3503,2,,,1,70,,3517,2,,,1,30,,3504,2,,,1,70,,3518,2,,,1,30,,3505,2,,,1,70,,3519,2,,,1,30,,3506,2,,,1,70,,3520,2,,,1,30,,3507,2,,,1,70,,3521,2,,,1,30,,3508,2,,,1,70,,3522,2,,,1,30,,3509,2,,,1,70,,3523,2,,,1,30,,3510,2,,,1,70,,3524,2,,,1,30,,3511,2,,,1,70,,3525,2,,,1,30,,3512,2,,,1,70,,3526,2,,,1,30,,3513,2,,,1,70,,3527,2,,,1,30,,3514,2,,,1
43200,'Weekday-32',615,,3542,2,,,1,30,,3529,2,,,1,70,,3543,2,,,1,30,,3530,2,,,1,70,,3544,2,,,1,30,,3531,2,,,1,70,,3545,2,,,1,30,,3532,2,,,1,70,,3546,2,,,1,30,,3533,2,,,1,70,,3547,2,,,1,30,,3534,2,,,1,70,,3548,2,,,1,30,,3535,2,,,1,70,,3549,2,,,1,30,,3536,2,,,1,70,,3550,2,,,1,30,,3537,2,,,1,70,,3551,2,,,1,30,,3538,2,,,1,70,,3552,2,,,1,30,,3539,2,,,1,70,,3553,2,,,1,30,,3540,2,,,1,70,,3554,2,,,1,30,,3541,2,,,1
43200,'Weekday-33',615,,3569,2,,,1,30,,3556,2,,,1,70,,3570,2,,,1,30,,3557,2,,,1,70,,3571,2,,,1,30,,3558,2,,,1,70,,3572,2,,,1,30,,3559,2,,,1,70,,3573,2,,,1,30,,3560,2,,,1,70,,3574,2,,,1,30,,3561,2,,,1,70,,3575,2,,,1,30,,3562,2,,,1,70,,3576,2,,,1,30,,3563,2,,,1,70,,3577,2,,,1,30,,3564,2,,,1,70,,3578,2,,,1,30,,3565,2,,,1,70,,3579,2,,,1,30,,3566,2,,,1,70,,3580,2,,,1,30,,3567,2,,,1,70,,3581,2,,,1,30,,3568,2,,,1
43300,'Weekday-30',616,,3677,2,,,1,30,,3664,2,,,1,70,,3678,2,,,1,30,,3665,2,,,1,70,,3679,2,,,1,30,,3666,2,,,1,70,,3680,2,,,1,30,,3667,2,,,1,70,,3681,2,,,1,30,,3668,2,,,1,70,,3682,2,,,1,30,,3669,2,,,1,70,,3683,2,,,1,30,,3670,2,,,1,70,,3684,2,,,1,30,,3671,2,,,1,70,,3685,2,,,1,30,,3672,2,,,1,70,,3686,2,,,1,30,,3673,2,,,1,70,,3687,2,,,1,30,,3674,2,,,1,70,,3688,2,,,1,30,,3675,2,,,1,70,,3689,2,,,1,30,,3663,2,,,1
43300,'Weekday-32',616,,3704,2,,,1,30,,3691,2,,,1,70,,3705,2,,,1,30,,3692,2,,,1,70,,3706,2,,,1,30,,3693,2,,,1,70,,3707,2,,,1,30,,3694,2,,,1,70,,3708,2,,,1,30,,3695,2,,,1,70,,3709,2,,,1,30,,3696,2,,,1,70,,3710,2,,,1,30,,3697,2,,,1,70,,3711,2,,,1,30,,3698,2,,,1,70,,3712,2,,,1,30,,3699,2,,,1,70,,3713,2,,,1,30,,3700,2,,,1,70,,3714,2,,,1,30,,3701,2,,,1,70,,3715,2,,,1,30,,3702,2,,,1,70,,3716,2,,,1,30,,3690,2,,,1
43300,'Weekday-33',616,,3731,2,,,1,30,,3718,2,,,1,70,,3732,2,,,1,30,,3719,2,,,1,70,,3733,2,,,1,30,,3720,2,,,1,70,,3734,2,,,1,30,,3721,2,,,1,70,,3735,2,,,1,30,,3722,2,,,1,70,,3736,2,,,1,30,,3723,2,,,1,70,,3737,2,,,1,30,,3724,2,,,1,70,,3738,2,,,1,30,,3725,2,,,1,70,,3739,2,,,1,30,,3726,2,,,1,70,,3740,2,,,1,30,,3727,2,,,1,70,,3741,2,,,1,30,,3728,2,,,1,70,,3742,2,,,1,30,,3729,2,,,1,70,,3743,2,,,1,30,,3717,2,,,1
45000,'Weekday-30',616,,4399,2,,,1,30,,4412,2,,,1,70,,4400,2,,,1,30,,4413,2,,,1,70,,4401,2,,,1,30,,4414,2,,,1,70,,4402,2,,,1,30,,4415,2,,,1,70,,4403,2,,,1,30,,4416,2,,,1,70,,4404,2,,,1,30,,4417,2,,,1,70,,4405,2,,,1,30,,4418,2,,,1,70,,4406,2,,,1,30,,4419,2,,,1,70,,4407,2,,,1,30,,4420,2,,,1,70,,4408,2,,,1,30,,4421,2,,,1,70,,4409,2,,,1,30,,4422,2,,,1,70,,4410,2,,,1,30,,4423,2,,,1,70,,4411,2,,,1,30,,4424,2,,,1
45000,'Weekday-32',616,,4426,2,,,1,30,,4439,2,,,1,70,,4427,2,,,1,30,,4440,2,,,1,70,,4428,2,,,1,30,,4441,2,,,1,70,,4429,2,,,1,30,,4442,2,,,1,70,,4430,2,,,1,30,,4443,2,,,1,70,,4431,2,,,1,30,,4444,2,,,1,70,,4432,2,,,1,30,,4445,2,,,1,70,,4433,2,,,1,30,,4446,2,,,1,70,,4434,2,,,1,30,,4447,2,,,1,70,,4435,2,,,1,30,,4448,2,,,1,70,,4436,2,,,1,30,,4449,2,,,1,70,,4437,2,,,1,30,,4450,2,,,1,70,,4438,2,,,1,30,,4451,2,,,1
45000,'Weekday-33',616,,4453,2,,,1,30,,4466,2,,,1,70,,4454,2,,,1,30,,4467,2,,,1,70,,4455,2,,,1,30,,4468,2,,,1,70,,4456,2,,,1,30,,4469,2,,,1,70,,4457,2,,,1,30,,4470,2,,,1,70,,4458,2,,,1,30,,4471,2,,,1,70,,4459,2,,,1,30,,4472,2,,,1,70,,4460,2,,,1,30,,4473,2,,,1,70,,4461,2,,,1,30,,4474,2,,,1,70,,4462,2,,,1,30,,4475,2,,,1,70,,4463,2,,,1,30,,4476,2,,,1,70,,4464,2,,,1,30,,4477,2,,,1,70,,4465,2,,,1,30,,4478,2,,,1
