43000,'Weekday-30',616,,3341,4,,,1,30,,3354,4,,,1,70,,3342,4,,,1,30,,3355,4,,,1,70,,3343,4,,,1,30,,3356,4,,,1,70,,3344,4,,,1,30,,3357,4,,,1,70,,3345,4,,,1,30,,3358,4,,,1,70,,3346,4,,,1,30,,3359,4,,,1,70,,3347,4,,,1,30,,3360,4,,,1,70,,3348,4,,,1,30,,3361,4,,,1,70,,3349,4,,,1,30,,3362,4,,,1,70,,3350,4,,,1,30,,3363,4,,,1,70,,3340,4,,,1,30,,3351,4,,,1,70,,3338,4,,,1,30,,3353,4,,,1,70,,3339,4,,,1
43000,'Weekday-32',616,,3367,4,,,1,30,,3380,4,,,1,70,,3368,4,,,1,30,,3381,4,,,1,60,,3391,4,0,8 18,1,10,,3369,4,,,1,30,,3382,4,,,1,70,,3370,4,,,1,30,,3383,4,,,1,70,,3371,4,,,1,30,,3384,4,,,1,70,,3372,4,,,1,30,,3385,4,,,1,70,,3373,4,,,1,30,,3386,4,,,1,70,,3374,4,,,1,30,,3387,4,,,1,70,,3375,4,,,1,30,,3388,4,,,1,70,,3376,4,,,1,30,,3389,4,,,1,70,,3366,4,,,1,30,,3377,4,,,1,70,,3364,4,,,1,30,,3379,4,,,1,70,,3365,4,,,1
43000,'Weekday-33',616,,3395,4,,,1,30,,3408,4,,,1,70,,3396,4,,,1,30,,3409,4,,,1,60,,3419,4,0,8 18,1,10,,3397,4,,,1,30,,3410,4,,,1,70,,3398,4,,,1,30,,3411,4,,,1,70,,3399,4,,,1,30,,3412,4,,,1,70,,3400,4,,,1,30,,3413,4,,,1,70,,3401,4,,,1,30,,3414,4,,,1,70,,3402,4,,,1,30,,3415,4,,,1,70,,3403,4,,,1,30,,3416,4,,,1,70,,3404,4,,,1,30,,3417,4,,,1,70,,3394,4,,,1,30,,3405,4,,,1,70,,3392,4,,,1,30,,3407,4,,,1,70,,3393,4,,,1
43100,'Weekday-30',617,,3420,4,,,1,30,,3433,4,,,1,70,,3421,4,,,1,30,,3434,4,,,1,70,,3422,4,,,1,30,,3435,4,,,1,70,,3423,4,,,1,30,,3436,4,,,1,70,,3424,4,,,1,30,,3437,4,,,1,70,,3425,4,,,1,30,,3438,4,,,1,70,,3426,4,,,1,30,,3439,4,,,1,70,,3427,4,,,1,30,,3440,4,,,1,70,,3428,4,,,1,30,,3441,4,,,1,70,,3429,4,,,1,30,,3442,4,,,1,70,,3430,4,,,1,30,,3443,4,,,1,70,,3431,4,,,1,30,,3444,4,,,1,70,,3432,4,,,1,30,,3445,4,,,1
43100,'Weekday-32',617,,3447,4,,,1,30,,3460,4,,,1,70,,3448,4,,,1,30,,3461,4,,,1,70,,3449,4,,,1,30,,3462,4,,,1,70,,3450,4,,,1,30,,3463,4,,,1,70,,3451,4,,,1,30,,3464,4,,,1,70,,3452,4,,,1,30,,3465,4,,,1,70,,3453,4,,,1,30,,3466,4,,,1,70,,3454,4,,,1,30,,3467,4,,,1,70,,3455,4,,,1,30,,3468,4,,,1,70,,3456,4,,,1,30,,3469,4,,,1,70,,3457,4,,,1,30,,3470,4,,,1,70,,3458,4,,,1,30,,3471,4,,,1,70,,3459,4,,,1,30,,3472,4,,,1
43100,'Weekday-33',617,,3474,4,,,1,30,,3487,4,,,1,70,,3475,4,,,1,30,,3488,4,,,1,70,,3476,4,,,1,30,,3489,4,,,1,70,,3477,4,,,1,30,,3490,4,,,1,70,,3478,4,,,1,30,,3491,4,,,1,70,,3479,4,,,1,30,,3492,4,,,1,70,,3480,4,,,1,30,,3493,4,,,1,70,,3481,4,,,1,30,,3494,4,,,1,70,,3482,4,,,1,30,,3495,4,,,1,70,,3483,4,,,1,30,,3496,4,,,1,70,,3484,4,,,1,30,,3497,4,,,1,70,,3485,4,,,1,30,,3498,4,,,1,70,,3486,4,,,1,30,,3499,4,,,1
43300,'Weekday-30',616,,3677,4,,,1,30,,3664,4,,,1,70,,3678,4,,,1,30,,3665,4,,,1,70,,3679,4,,,1,30,,3666,4,,,1,70,,3680,4,,,1,30,,3667,4,,,1,70,,3681,4,,,1,30,,3668,4,,,1,70,,3682,4,,,1,30,,3669,4,,,1,70,,3683,4,,,1,30,,3670,4,,,1,70,,3684,4,,,1,30,,3671,4,,,1,70,,3685,4,,,1,30,,3672,4,,,1,70,,3686,4,,,1,30,,3673,4,,,1,70,,3687,4,,,1,30,,3674,4,,,1,70,,3688,4,,,1,30,,3675,4,,,1,70,,3689,4,,,1,30,,3663,4,,,1
43300,'Weekday-32',616,,3704,4,,,1,30,,3691,4,,,1,70,,3705,4,,,1,30,,3692,4,,,1,70,,3706,4,,,1,30,,3693,4,,,1,70,,3707,4,,,1,30,,3694,4,,,1,70,,3708,4,,,1,30,,3695,4,,,1,70,,3709,4,,,1,30,,3696,4,,,1,70,,3710,4,,,1,30,,3697,4,,,1,70,,3711,4,,,1,30,,3698,4,,,1,70,,3712,4,,,1,30,,3699,4,,,1,70,,3713,4,,,1,30,,3700,4,,,1,70,,3714,4,,,1,30,,3701,4,,,1,70,,3715,4,,,1,30,,3702,4,,,1,70,,3716,4,,,1,30,,3690,4,,,1
43300,'Weekday-33',616,,3731,4,,,1,30,,3718,4,,,1,70,,3732,4,,,1,30,,3719,4,,,1,70,,3733,4,,,1,30,,3720,4,,,1,70,,3734,4,,,1,30,,3721,4,,,1,70,,3735,4,,,1,30,,3722,4,,,1,70,,3736,4,,,1,30,,3723,4,,,1,70,,3737,4,,,1,30,,3724,4,,,1,70,,3738,4,,,1,30,,3725,4,,,1,70,,3739,4,,,1,30,,3726,4,,,1,70,,3740,4,,,1,30,,3727,4,,,1,70,,3741,4,,,1,30,,3728,4,,,1,70,,3742,4,,,1,30,,3729,4,,,1,70,,3743,4,,,1,30,,3717,4,,,1
45000,'Weekday-30',616,,4399,4,,,1,30,,4412,4,,,1,70,,4400,4,,,1,30,,4413,4,,,1,70,,4401,4,,,1,30,,4414,4,,,1,70,,4402,4,,,1,30,,4415,4,,,1,70,,4403,4,,,1,30,,4416,4,,,1,70,,4404,4,,,1,30,,4417,4,,,1,70,,4405,4,,,1,30,,4418,4,,,1,70,,4406,4,,,1,30,,4419,4,,,1,70,,4407,4,,,1,30,,4420,4,,,1,70,,4408,4,,,1,30,,4421,4,,,1,70,,4409,4,,,1,30,,4422,4,,,1,70,,4410,4,,,1,30,,4423,4,,,1,70,,4411,4,,,1,30,,4424,4,,,1
45000,'Weekday-32',616,,4426,4,,,1,30,,4439,4,,,1,70,,4427,4,,,1,30,,4440,4,,,1,70,,4428,4,,,1,30,,4441,4,,,1,70,,4429,4,,,1,30,,4442,4,,,1,70,,4430,4,,,1,30,,4443,4,,,1,70,,4431,4,,,1,30,,4444,4,,,1,70,,4432,4,,,1,30,,4445,4,,,1,70,,4433,4,,,1,30,,4446,4,,,1,70,,4434,4,,,1,30,,4447,4,,,1,70,,4435,4,,,1,30,,4448,4,,,1,70,,4436,4,,,1,30,,4449,4,,,1,70,,4437,4,,,1,30,,4450,4,,,1,70,,4438,4,,,1,30,,4451,4,,,1
45000,'Weekday-33',616,,4453,4,,,1,30,,4466,4,,,1,70,,4454,4,,,1,30,,4467,4,,,1,70,,4455,4,,,1,30,,4468,4,,,1,70,,4456,4,,,1,30,,4469,4,,,1,70,,4457,4,,,1,30,,4470,4,,,1,70,,4458,4,,,1,30,,4471,4,,,1,70,,4459,4,,,1,30,,4472,4,,,1,70,,4460,4,,,1,30,,4473,4,,,1,70,,4461,4,,,1,30,,4474,4,,,1,70,,4462,4,,,1,30,,4475,4,,,1,70,,4463,4,,,1,30,,4476,4,,,1,70,,4464,4,,,1,30,,4477,4,,,1,70,,4465,4,,,1,30,,4478,4,,,1
