44201,'Weekday-30',605,,4179,7,0,14,1,30,,4158,7,0,14,1,70,,4166,7,0,14,1,30,,4159,7,0,14,1,70,,4167,7,0,14,1,30,,4160,7,0,14,1,70,,4168,7,0,14,1,30,,4161,7,0,14,1,70,,4169,7,0,14,1,30,,4162,7,0,14,1,70,,4170,7,0,14,1,30,,4163,7,0,14,1,70,,4171,7,0,14,1,30,,4164,7,0,14,1,70,,4172,7,0,14,1,30,,4156,7,0,14,1,70,,4173,7,0,14,1,30,,4157,7,0,14,1,70,,4174,7,0,14,1,30,,4165,7,0,14,1,70,,4175,7,0,14,1,30,,4153,7,0,14,1,70,,4176,7,0,14,1,30,,4154,7,0,14,1,70,,4177,7,0,14,1,30,,4155,7,0,14,1,70,,4178,7,0,14,1
44201,'Weekday-32',605,,4206,7,0,14,1,30,,4185,7,0,14,1,70,,4193,7,0,14,1,30,,4186,7,0,14,1,70,,4194,7,0,14,1,30,,4187,7,0,14,1,70,,4195,7,0,14,1,30,,4188,7,0,14,1,70,,4196,7,0,14,1,30,,4189,7,0,14,1,70,,4197,7,0,14,1,30,,4190,7,0,14,1,70,,4198,7,0,14,1,30,,4191,7,0,14,1,70,,4199,7,0,14,1,30,,4183,7,0,14,1,70,,4200,7,0,14,1,30,,4184,7,0,14,1,70,,4201,7,0,14,1,30,,4192,7,0,14,1,70,,4202,7,0,14,1,30,,4180,7,0,14,1,70,,4203,7,0,14,1,30,,4181,7,0,14,1,70,,4204,7,0,14,1,30,,4182,7,0,14,1,70,,4205,7,0,14,1
44201,'Weekday-33',605,,4233,7,0,14,1,30,,4212,7,0,14,1,70,,4220,7,0,14,1,30,,4213,7,0,14,1,70,,4221,7,0,14,1,30,,4214,7,0,14,1,70,,4222,7,0,14,1,30,,4215,7,0,14,1,70,,4223,7,0,14,1,30,,4216,7,0,14,1,70,,4224,7,0,14,1,30,,4217,7,0,14,1,70,,4225,7,0,14,1,30,,4218,7,0,14,1,70,,4226,7,0,14,1,30,,4210,7,0,14,1,70,,4227,7,0,14,1,30,,4211,7,0,14,1,70,,4228,7,0,14,1,30,,4219,7,0,14,1,70,,4229,7,0,14,1,30,,4207,7,0,14,1,70,,4230,7,0,14,1,30,,4208,7,0,14,1,70,,4231,7,0,14,1,30,,4209,7,0,14,1,70,,4232,7,0,14,1
44301,'Weekday-30',605,,4330,26,,,1,30,,4331,28,,,1,70,,4317,28,,,1,30,,4332,28,,,1,70,,4318,28,,,1,30,,4333,28,,,1,70,,4319,28,,,1,30,,4334,28,,,1,70,,4320,28,,,1,30,,4335,28,,,1,70,,4321,28,,,1,30,,4336,28,,,1,70,,4322,28,,,1,30,,4337,28,,,1,70,,4323,28,,,1,30,,4338,28,,,1,70,,4324,28,,,1,30,,4339,28,,,1,70,,4325,28,,,1,30,,4340,28,,,1,70,,4326,28,,,1,30,,4341,28,,,1,70,,4327,28,,,1,30,,4342,28,,,1,70,,4328,28,,,1,30,,4343,28,,,1,70,,4329,28,,,1
44301,'Weekday-32',605,,4357,26,,,1,30,,4358,28,,,1,70,,4344,28,,,1,30,,4359,28,,,1,70,,4345,28,,,1,30,,4360,28,,,1,70,,4346,28,,,1,30,,4361,28,,,1,70,,4347,28,,,1,30,,4362,28,,,1,70,,4348,28,,,1,30,,4363,28,,,1,70,,4349,28,,,1,30,,4364,28,,,1,70,,4350,28,,,1,30,,4365,28,,,1,70,,4351,28,,,1,30,,4366,28,,,1,70,,4352,28,,,1,30,,4367,28,,,1,70,,4353,28,,,1,30,,4368,28,,,1,70,,4354,28,,,1,30,,4369,28,,,1,70,,4355,28,,,1,30,,4370,28,,,1,70,,4356,28,,,1
44301,'Weekday-33',605,,4384,26,,,1,30,,4385,28,,,1,70,,4371,28,,,1,30,,4386,28,,,1,70,,4372,28,,,1,30,,4387,28,,,1,70,,4373,28,,,1,30,,4388,28,,,1,70,,4374,28,,,1,30,,4389,28,,,1,70,,4375,28,,,1,30,,4390,28,,,1,70,,4376,28,,,1,30,,4391,28,,,1,70,,4377,28,,,1,30,,4392,28,,,1,70,,4378,28,,,1,30,,4393,28,,,1,70,,4379,28,,,1,30,,4394,28,,,1,70,,4380,28,,,1,30,,4395,28,,,1,70,,4381,28,,,1,30,,4396,28,,,1,70,,4382,28,,,1,30,,4397,28,,,1,70,,4383,28,,,1
45001,'Weekday-30',603,,4491,7,,,1,30,,4479,7,,,1,70,,4493,7,,,1,30,,4480,7,,,1,70,,4494,7,,,1,30,,4481,7,,,1,70,,4495,7,,,1,30,,4482,7,,,1,70,,4496,7,,,1,30,,4492,7,,,1,70,,4497,7,,,1,30,,4483,7,,,1,70,,4498,7,,,1,30,,4484,7,,,1,70,,4499,7,,,1,30,,4485,7,,,1,70,,4500,7,,,1,30,,4486,7,,,1,70,,4501,7,,,1,30,,4487,7,,,1,70,,4502,7,,,1,30,,4488,7,,,1,70,,4503,7,,,1,30,,4489,7,,,1,70,,4504,7,,,1,30,,4490,7,,,1,70,,4505,7,,,1
45001,'Weekday-32',603,,4518,7,,,1,30,,4506,7,,,1,70,,4520,7,,,1,30,,4507,7,,,1,70,,4521,7,,,1,30,,4508,7,,,1,70,,4522,7,,,1,30,,4509,7,,,1,70,,4523,7,,,1,30,,4519,7,,,1,70,,4524,7,,,1,30,,4510,7,,,1,70,,4525,7,,,1,30,,4511,7,,,1,70,,4526,7,,,1,30,,4512,7,,,1,70,,4527,7,,,1,30,,4513,7,,,1,70,,4528,7,,,1,30,,4514,7,,,1,70,,4529,7,,,1,30,,4515,7,,,1,70,,4530,7,,,1,30,,4516,7,,,1,70,,4531,7,,,1,30,,4517,7,,,1,70,,4532,7,,,1
45001,'Weekday-33',603,,4545,7,,,1,30,,4533,7,,,1,70,,4547,7,,,1,30,,4534,7,,,1,70,,4548,7,,,1,30,,4535,7,,,1,70,,4549,7,,,1,30,,4536,7,,,1,70,,4550,7,,,1,30,,4546,7,,,1,70,,4551,7,,,1,30,,4537,7,,,1,70,,4552,7,,,1,30,,4538,7,,,1,70,,4553,7,,,1,30,,4539,7,,,1,70,,4554,7,,,1,30,,4540,7,,,1,70,,4555,7,,,1,30,,4541,7,,,1,70,,4556,7,,,1,30,,4542,7,,,1,70,,4557,7,,,1,30,,4543,7,,,1,70,,4558,7,,,1,30,,4544,7,,,1,70,,4559,7,,,1
45101,'Weekday-30',605,,4656,20,,,1,30,,4657,23,,,1,70,,4643,23,,,1,30,,4658,23,,,1,70,,4644,23,,,1,30,,4659,23,,,1,70,,4645,23,,,1,30,,4660,23,,,1,70,,4646,23,,,1,30,,4661,23,,,1,70,,4647,23,,,1,30,,4662,23,,,1,70,,4648,23,,,1,30,,4663,23,,,1,70,,4649,23,,,1,30,,4664,23,,,1,70,,4650,23,,,1,30,,4665,23,,,1,70,,4651,23,,,1,30,,4666,23,,,1,70,,4652,23,,,1,30,,4667,23,,,1,70,,4653,23,,,1,30,,4668,23,,,1,70,,4654,23,,,1,30,,4669,23,,,1,70,,4655,23,,,1
45101,'Weekday-32',605,,4683,20,,,1,30,,4684,23,,,1,70,,4670,23,,,1,30,,4685,23,,,1,70,,4671,23,,,1,30,,4686,23,,,1,70,,4672,23,,,1,30,,4687,23,,,1,70,,4673,23,,,1,30,,4688,23,,,1,70,,4674,23,,,1,30,,4689,23,,,1,70,,4675,23,,,1,30,,4690,23,,,1,70,,4676,23,,,1,30,,4691,23,,,1,70,,4677,23,,,1,30,,4692,23,,,1,70,,4678,23,,,1,30,,4693,23,,,1,70,,4679,23,,,1,30,,4694,23,,,1,70,,4680,23,,,1,30,,4695,23,,,1,70,,4681,23,,,1,30,,4696,23,,,1,70,,4682,23,,,1
45101,'Weekday-33',605,,4710,20,,,1,30,,4711,23,,,1,70,,4697,23,,,1,30,,4712,23,,,1,70,,4698,23,,,1,30,,4713,23,,,1,70,,4699,23,,,1,30,,4714,23,,,1,70,,4700,23,,,1,30,,4715,23,,,1,70,,4701,23,,,1,30,,4716,23,,,1,70,,4702,23,,,1,30,,4717,23,,,1,70,,4703,23,,,1,30,,4718,23,,,1,70,,4704,23,,,1,30,,4719,23,,,1,70,,4705,23,,,1,30,,4720,23,,,1,70,,4706,23,,,1,30,,4721,23,,,1,70,,4707,23,,,1,30,,4722,23,,,1,70,,4708,23,,,1,30,,4723,23,,,1,70,,4709,23,,,1
