43000,'Weekday-30',616,,3341,3,,,1,30,,3354,3,,,1,70,,3342,3,,,1,30,,3355,3,,,1,70,,3343,3,,,1,30,,3356,3,,,1,70,,3344,3,,,1,30,,3357,3,,,1,70,,3345,3,,,1,30,,3358,3,,,1,70,,3346,3,,,1,30,,3359,3,,,1,70,,3347,3,,,1,30,,3360,3,,,1,70,,3348,3,,,1,30,,3361,3,,,1,70,,3349,3,,,1,30,,3362,3,,,1,70,,3350,3,,,1,30,,3363,3,,,1,70,,3340,3,,,1,30,,3351,3,,,1,70,,3338,3,,,1,30,,3353,3,,,1,70,,3339,3,,,1
43000,'Weekday-32',616,,3367,3,,,1,30,,3380,3,,,1,70,,3368,3,,,1,30,,3381,3,,,1,60,,3391,3,0,8 18,1,10,,3369,3,,,1,30,,3382,3,,,1,70,,3370,3,,,1,30,,3383,3,,,1,70,,3371,3,,,1,30,,3384,3,,,1,70,,3372,3,,,1,30,,3385,3,,,1,70,,3373,3,,,1,30,,3386,3,,,1,70,,3374,3,,,1,30,,3387,3,,,1,70,,3375,3,,,1,30,,3388,3,,,1,70,,3376,3,,,1,30,,3389,3,,,1,70,,3366,3,,,1,30,,3377,3,,,1,70,,3364,3,,,1,30,,3379,3,,,1,70,,3365,3,,,1
43000,'Weekday-33',616,,3395,3,,,1,30,,3408,3,,,1,70,,3396,3,,,1,30,,3409,3,,,1,60,,3419,3,0,8 18,1,10,,3397,3,,,1,30,,3410,3,,,1,70,,3398,3,,,1,30,,3411,3,,,1,70,,3399,3,,,1,30,,3412,3,,,1,70,,3400,3,,,1,30,,3413,3,,,1,70,,3401,3,,,1,30,,3414,3,,,1,70,,3402,3,,,1,30,,3415,3,,,1,70,,3403,3,,,1,30,,3416,3,,,1,70,,3404,3,,,1,30,,3417,3,,,1,70,,3394,3,,,1,30,,3405,3,,,1,70,,3392,3,,,1,30,,3407,3,,,1,70,,3393,3,,,1
43100,'Weekday-30',616,,3420,3,,,1,30,,3433,3,,,1,70,,3421,3,,,1,30,,3434,3,,,1,70,,3422,3,,,1,30,,3435,3,,,1,70,,3423,3,,,1,30,,3436,3,,,1,70,,3424,3,,,1,30,,3437,3,,,1,70,,3425,3,,,1,30,,3438,3,,,1,70,,3426,3,,,1,30,,3439,3,,,1,70,,3427,3,,,1,30,,3440,3,,,1,70,,3428,3,,,1,30,,3441,3,,,1,70,,3429,3,,,1,30,,3442,3,,,1,70,,3430,3,,,1,30,,3443,3,,,1,70,,3431,3,,,1,30,,3444,3,,,1,70,,3432,3,,,1,30,,3445,3,,,1
43100,'Weekday-32',616,,3447,3,,,1,30,,3460,3,,,1,70,,3448,3,,,1,30,,3461,3,,,1,70,,3449,3,,,1,30,,3462,3,,,1,70,,3450,3,,,1,30,,3463,3,,,1,70,,3451,3,,,1,30,,3464,3,,,1,70,,3452,3,,,1,30,,3465,3,,,1,70,,3453,3,,,1,30,,3466,3,,,1,70,,3454,3,,,1,30,,3467,3,,,1,70,,3455,3,,,1,30,,3468,3,,,1,70,,3456,3,,,1,30,,3469,3,,,1,70,,3457,3,,,1,30,,3470,3,,,1,70,,3458,3,,,1,30,,3471,3,,,1,70,,3459,3,,,1,30,,3472,3,,,1
43100,'Weekday-33',616,,3474,3,,,1,30,,3487,3,,,1,70,,3475,3,,,1,30,,3488,3,,,1,70,,3476,3,,,1,30,,3489,3,,,1,70,,3477,3,,,1,30,,3490,3,,,1,70,,3478,3,,,1,30,,3491,3,,,1,70,,3479,3,,,1,30,,3492,3,,,1,70,,3480,3,,,1,30,,3493,3,,,1,70,,3481,3,,,1,30,,3494,3,,,1,70,,3482,3,,,1,30,,3495,3,,,1,70,,3483,3,,,1,30,,3496,3,,,1,70,,3484,3,,,1,30,,3497,3,,,1,70,,3485,3,,,1,30,,3498,3,,,1,70,,3486,3,,,1,30,,3499,3,,,1
43300,'Weekday-30',616,,3677,3,,,1,30,,3664,3,,,1,70,,3678,3,,,1,30,,3665,3,,,1,70,,3679,3,,,1,30,,3666,3,,,1,70,,3680,3,,,1,30,,3667,3,,,1,70,,3681,3,,,1,30,,3668,3,,,1,70,,3682,3,,,1,30,,3669,3,,,1,70,,3683,3,,,1,30,,3670,3,,,1,70,,3684,3,,,1,30,,3671,3,,,1,70,,3685,3,,,1,30,,3672,3,,,1,70,,3686,3,,,1,30,,3673,3,,,1,70,,3687,3,,,1,30,,3674,3,,,1,70,,3688,3,,,1,30,,3675,3,,,1,70,,3689,3,,,1,30,,3663,3,,,1
43300,'Weekday-32',616,,3704,3,,,1,30,,3691,3,,,1,70,,3705,3,,,1,30,,3692,3,,,1,70,,3706,3,,,1,30,,3693,3,,,1,70,,3707,3,,,1,30,,3694,3,,,1,70,,3708,3,,,1,30,,3695,3,,,1,70,,3709,3,,,1,30,,3696,3,,,1,70,,3710,3,,,1,30,,3697,3,,,1,70,,3711,3,,,1,30,,3698,3,,,1,70,,3712,3,,,1,30,,3699,3,,,1,70,,3713,3,,,1,30,,3700,3,,,1,70,,3714,3,,,1,30,,3701,3,,,1,70,,3715,3,,,1,30,,3702,3,,,1,70,,3716,3,,,1,30,,3690,3,,,1
43300,'Weekday-33',616,,3731,3,,,1,30,,3718,3,,,1,70,,3732,3,,,1,30,,3719,3,,,1,70,,3733,3,,,1,30,,3720,3,,,1,70,,3734,3,,,1,30,,3721,3,,,1,70,,3735,3,,,1,30,,3722,3,,,1,70,,3736,3,,,1,30,,3723,3,,,1,70,,3737,3,,,1,30,,3724,3,,,1,70,,3738,3,,,1,30,,3725,3,,,1,70,,3739,3,,,1,30,,3726,3,,,1,70,,3740,3,,,1,30,,3727,3,,,1,70,,3741,3,,,1,30,,3728,3,,,1,70,,3742,3,,,1,30,,3729,3,,,1,70,,3743,3,,,1,30,,3717,3,,,1
45000,'Weekday-30',616,,4399,3,,,1,30,,4412,3,,,1,70,,4400,3,,,1,30,,4413,3,,,1,70,,4401,3,,,1,30,,4414,3,,,1,70,,4402,3,,,1,30,,4415,3,,,1,70,,4403,3,,,1,30,,4416,3,,,1,70,,4404,3,,,1,30,,4417,3,,,1,70,,4405,3,,,1,30,,4418,3,,,1,70,,4406,3,,,1,30,,4419,3,,,1,70,,4407,3,,,1,30,,4420,3,,,1,70,,4408,3,,,1,30,,4421,3,,,1,70,,4409,3,,,1,30,,4422,3,,,1,70,,4410,3,,,1,30,,4423,3,,,1,70,,4411,3,,,1,30,,4424,3,,,1
45000,'Weekday-32',616,,4426,3,,,1,30,,4439,3,,,1,70,,4427,3,,,1,30,,4440,3,,,1,70,,4428,3,,,1,30,,4441,3,,,1,70,,4429,3,,,1,30,,4442,3,,,1,70,,4430,3,,,1,30,,4443,3,,,1,70,,4431,3,,,1,30,,4444,3,,,1,70,,4432,3,,,1,30,,4445,3,,,1,70,,4433,3,,,1,30,,4446,3,,,1,70,,4434,3,,,1,30,,4447,3,,,1,70,,4435,3,,,1,30,,4448,3,,,1,70,,4436,3,,,1,30,,4449,3,,,1,70,,4437,3,,,1,30,,4450,3,,,1,70,,4438,3,,,1,30,,4451,3,,,1
45000,'Weekday-33',616,,4453,3,,,1,30,,4466,3,,,1,70,,4454,3,,,1,30,,4467,3,,,1,70,,4455,3,,,1,30,,4468,3,,,1,70,,4456,3,,,1,30,,4469,3,,,1,70,,4457,3,,,1,30,,4470,3,,,1,70,,4458,3,,,1,30,,4471,3,,,1,70,,4459,3,,,1,30,,4472,3,,,1,70,,4460,3,,,1,30,,4473,3,,,1,70,,4461,3,,,1,30,,4474,3,,,1,70,,4462,3,,,1,30,,4475,3,,,1,70,,4463,3,,,1,30,,4476,3,,,1,70,,4464,3,,,1,30,,4477,3,,,1,70,,4465,3,,,1,30,,4478,3,,,1
