43100,'Weekday-13',601,,3605,,,1,30,,3579,,,1,70,,3592,,,1,30,,3580,,,1,70,,3593,,,1,30,,3581,,,1,70,,3594,,,1,30,,3582,,,1,70,,3595,,,1,30,,3583,,,1,70,,3596,,,1,30,,3584,,,1,70,,3597,,,1,30,,3585,,,1,70,,3598,,,1,30,,3586,,,1,70,,3599,,,1,30,,3587,,,1,70,,3600,,,1,30,,3588,,,1,70,,3601,,,1,30,,3589,,,1,70,,3602,,,1,30,,3590,,,1,70,,3603,,,1,30,,3591,,,1,70,,3604,,,1
43100,'Weekday-15',601,,3632,,,1,30,,3606,,,1,70,,3619,,,1,30,,3607,,,1,70,,3620,,,1,30,,3608,,,1,70,,3621,,,1,30,,3609,,,1,70,,3622,,,1,30,,3610,,,1,70,,3623,,,1,30,,3611,,,1,70,,3624,,,1,30,,3612,,,1,70,,3625,,,1,30,,3613,,,1,70,,3626,,,1,30,,3614,,,1,70,,3627,,,1,30,,3615,,,1,70,,3628,,,1,30,,3616,,,1,70,,3629,,,1,30,,3617,,,1,70,,3630,,,1,30,,3618,,,1,70,,3631,,,1
43100,'Weekday-16',601,,3659,,,1,30,,3633,,,1,70,,3646,,,1,30,,3634,,,1,70,,3647,,,1,30,,3635,,,1,70,,3648,,,1,30,,3636,,,1,70,,3649,,,1,30,,3637,,,1,70,,3650,,,1,30,,3638,,,1,70,,3651,,,1,30,,3639,,,1,70,,3652,,,1,30,,3640,,,1,70,,3653,,,1,30,,3641,,,1,70,,3654,,,1,30,,3642,,,1,70,,3655,,,1,30,,3643,,,1,70,,3656,,,1,30,,3644,,,1,70,,3657,,,1,30,,3645,,,1,70,,3658,,,1
44000,'Weekday-13',1521,,4011,0,7 8,1
44000,'Weekday-16',1421,,4039,0,7 8,1
442029,'Weekday-13',1521,,4337,0,7 8,1
442029,'Weekday-16',1421,,4365,0,7 8,1
44300,'Weekday-13',1521,,4420,0,7 8,1
44300,'Weekday-16',1421,,4448,0,7 8,1
45100,'Weekday-13',1521,,4746,0,20 7 8,1
45100,'Weekday-16',1421,,4774,0,20 7 8,1
1043300,'Weekday-13',811,,4884,4,,1
1043300,'Weekday-16',811,,4886,4,,1
