40400,'Weekday-30',640,,2596,9,4,,1,70,,2602,9,4,,1,30,,2597,9,4,,1,70,,2603,9,4,,1,30,,2598,9,4,,1,70,,2604,9,4,,1,30,,2599,9,4,,1,70,,2605,9,4,,1,100,,2600,9,4,,1,100,,2601,9,4,,1,100,,2610,9,4,,1,100,,2611,9,4,,1,100,,2618,3,4,,1,30,,2617,3,4,,1,70,,2607,3,4,,1,5,,2619,8,4,,1,25,,2621,3,4,,1,5,,2614,8,4,,1,65,,2615,3,4,,1,5,,2606,8,4,,1,25,,2608,3,4,,1,5,,2620,8,4,,1,70,,2612,9,4,,1,25,,2609,9,4,,1,70,,2616,9,4,,1
40400,'Weekday-32',640,,2626,9,4,,1,70,,2622,9,4,,1,30,,2627,9,4,,1,70,,2623,9,4,,1,30,,2628,9,4,,1,70,,2624,9,4,,1,30,,2629,9,4,,1,70,,2625,9,4,,1,100,,2630,9,4,,1,100,,2631,9,4,,1,100,,2640,9,4,,1,100,,2641,9,4,,1,100,,2636,3,4,,1,30,,2647,3,4,,1,70,,2633,3,4,,1,5,,2637,8,4,,1,25,,2639,3,4,,1,5,,2644,8,4,,1,65,,2645,3,4,,1,5,,2632,8,4,,1,25,,2634,3,4,,1,5,,2638,8,4,,1,70,,2642,9,4,,1,25,,2635,9,4,,1,70,,2646,9,4,,1
40400,'Weekday-33',640,,2652,9,4,,1,70,,2648,9,4,,1,30,,2653,9,4,,1,70,,2649,9,4,,1,30,,2654,9,4,,1,70,,2650,9,4,,1,30,,2655,9,4,,1,70,,2651,9,4,,1,100,,2656,9,4,,1,100,,2657,9,4,,1,100,,2666,9,4,,1,100,,2667,9,4,,1,100,,2662,3,4,,1,30,,2673,3,4,,1,70,,2659,3,4,,1,5,,2663,8,4,,1,25,,2665,3,4,,1,5,,2670,8,4,,1,65,,2671,3,4,,1,5,,2658,8,4,,1,25,,2660,3,4,,1,5,,2664,8,4,,1,70,,2668,9,4,,1,25,,2661,9,4,,1,70,,2672,9,4,,1
40401,'Weekday-30',645,,2674,1,,,1,70,,2680,1,,,1,30,,2675,1,,,1,70,,2681,1,,,1,30,,2676,1,,,1,70,,2682,1,,,1,30,,2679,1,,,1,70,,2683,1,,,1,100,,2677,1,,,1,100,,2678,1,,,1,97,,2689,1,,,1,100,,2690,1,,,1,98,,2694,1,,,1,30,,2692,1,,,1,70,,2685,1,,,1,30,,2693,1,,,1,70,,2688,1,,,1,30,,2686,1,,,1,75,,2691,1,,,1,30,,2684,1,,,1,70,,2687,1,,,1
40401,'Weekday-32',645,,2699,1,,,1,70,,2695,1,,,1,30,,2700,1,,,1,70,,2696,1,,,1,30,,2701,1,,,1,70,,2697,1,,,1,30,,2704,1,,,1,70,,2698,1,,,1,100,,2702,1,,,1,100,,2703,1,,,1,97,,2712,1,,,1,100,,2713,1,,,1,98,,2709,1,,,1,30,,2715,1,,,1,70,,2706,1,,,1,30,,2708,1,,,1,70,,2711,1,,,1,30,,2707,1,,,1,75,,2714,1,,,1,30,,2705,1,,,1,70,,2710,1,,,1
40401,'Weekday-33',645,,2720,1,,,1,70,,2716,1,,,1,30,,2721,1,,,1,70,,2717,1,,,1,30,,2722,1,,,1,70,,2718,1,,,1,30,,2725,1,,,1,70,,2719,1,,,1,100,,2723,1,,,1,100,,2724,1,,,1,97,,2733,1,,,1,100,,2734,1,,,1,98,,2730,1,,,1,30,,2736,1,,,1,70,,2727,1,,,1,30,,2729,1,,,1,70,,2732,1,,,1,30,,2728,1,,,1,75,,2735,1,,,1,30,,2726,1,,,1,70,,2731,1,,,1
41400,'Weekday-30',650,,3083,3,4,,1,70,,3074,3,4,,1,30,,3081,3,4,,1,70,,3084,3,4,,1,30,,3075,3,4,,1,70,,3082,3,4,,1,25,,3085,3,4,,1,100,,3076,3,4,,1,100,,3086,3,4,,1,100,,3077,3,4,,1,100,,3087,3,4,,1,100,,3078,3,4,,1,70,,3088,3,4,,1,35,,3071,3,4,,1,70,,3079,3,4,,1,30,,3089,3,4,,1,70,,3072,3,4,,1,30,,3080,3,4,,1,70,,3090,3,4,,1,25,,3073,3,4,,1
41400,'Weekday-32',650,,3096,3,4,,1,70,,3104,3,4,,1,30,,3094,3,4,,1,70,,3097,3,4,,1,30,,3105,3,4,,1,70,,3095,3,4,,1,25,,3098,3,4,,1,100,,3106,3,4,,1,100,,3099,3,4,,1,100,,3107,3,4,,1,100,,3100,3,4,,1,100,,3108,3,4,,1,70,,3101,3,4,,1,35,,3091,3,4,,1,70,,3109,3,4,,1,30,,3102,3,4,,1,70,,3092,3,4,,1,30,,3110,3,4,,1,70,,3103,3,4,,1,25,,3093,3,4,,1
41400,'Weekday-33',650,,3116,3,4,,1,70,,3124,3,4,,1,30,,3114,3,4,,1,70,,3117,3,4,,1,30,,3125,3,4,,1,70,,3115,3,4,,1,25,,3118,3,4,,1,100,,3126,3,4,,1,100,,3119,3,4,,1,100,,3127,3,4,,1,100,,3120,3,4,,1,100,,3128,3,4,,1,70,,3121,3,4,,1,35,,3111,3,4,,1,70,,3129,3,4,,1,30,,3122,3,4,,1,70,,3112,3,4,,1,30,,3130,3,4,,1,70,,3123,3,4,,1,25,,3113,3,4,,1
41401,'Weekday-30',705,,3143,1,,,1,30,,3135,1,,,1,70,,3142,1,,,1,35,,3144,1,,,1,70,,3136,1,,,1,100,,3145,1,,,1,100,,3137,1,,,1,100,,3146,1,,,1,100,,3138,1,,,1,100,,3147,1,,,1,30,,3131,1,,,1,67,,3139,1,,,1,28,,3148,1,,,1,70,,3132,1,,,1,30,,3140,1,,,1,70,,3149,1,,,1,35,,3133,1,,,1,70,,3141,1,,,1,35,,3134,1,,,1
41401,'Weekday-32',705,,3155,1,,,1,30,,3162,1,,,1,70,,3154,1,,,1,35,,3156,1,,,1,70,,3163,1,,,1,100,,3157,1,,,1,100,,3164,1,,,1,100,,3158,1,,,1,100,,3165,1,,,1,100,,3159,1,,,1,30,,3150,1,,,1,67,,3166,1,,,1,28,,3160,1,,,1,70,,3151,1,,,1,30,,3167,1,,,1,70,,3161,1,,,1,35,,3152,1,,,1,70,,3168,1,,,1,35,,3153,1,,,1
41401,'Weekday-33',705,,3174,1,,,1,30,,3181,1,,,1,70,,3173,1,,,1,35,,3175,1,,,1,70,,3182,1,,,1,100,,3176,1,,,1,100,,3183,1,,,1,100,,3177,1,,,1,100,,3184,1,,,1,100,,3178,1,,,1,30,,3169,1,,,1,67,,3185,1,,,1,28,,3179,1,,,1,70,,3170,1,,,1,30,,3186,1,,,1,70,,3180,1,,,1,35,,3171,1,,,1,70,,3187,1,,,1,35,,3172,1,,,1
