442029,'Weekday-13',617,,4310,0,5 10 13,1,30,,4325,0,5 10 13,1,70,,4311,0,5 10 13,1,30,,4326,0,5 10 13,1,70,,4312,0,5 10 13,1,30,,4327,0,5 10 13,1,70,,4313,0,5 10 13,1,30,,4328,0,5 10 13,1,70,,4314,0,5 10 13,1,30,,4329,0,5 10 13,1,70,,4315,0,5 10 13,1,30,,4330,0,5 10 13,1,70,,4316,0,5 10 13,1,30,,4331,0,5 10 13,1,70,,4317,0,5 10 13,1,30,,4332,0,5 10 13,1,70,,4318,0,5 10 13,1,30,,4333,0,5 10 13,1,70,,4319,0,5 10 13,1,13,,4337,0,7 8,1,17,,4334,0,5 10 13,1,70,,4320,0,5 10 13,1,30,,4335,0,5 10 13,1,70,,4321,0,5 10 13,1,30,,4336,0,5 10 13,1,70,,4322,0,5 10 13,1,30,,4323,0,5 10 13,1
442029,'Weekday-15',617,,4338,0,5 10 13,1,30,,4353,0,5 10 13,1,70,,4339,0,5 10 13,1,30,,4354,0,5 10 13,1,70,,4340,0,5 10 13,1,30,,4355,0,5 10 13,1,70,,4341,0,5 10 13,1,30,,4356,0,5 10 13,1,70,,4342,0,5 10 13,1,30,,4357,0,5 10 13,1,70,,4343,0,5 10 13,1,30,,4358,0,5 10 13,1,70,,4344,0,5 10 13,1,30,,4359,0,5 10 13,1,70,,4345,0,5 10 13,1,30,,4360,0,5 10 13,1,70,,4346,0,5 10 13,1,30,,4361,0,5 10 13,1,70,,4347,0,5 10 13,1,30,,4362,0,5 10 13,1,70,,4348,0,5 10 13,1,30,,4363,0,5 10 13,1,70,,4349,0,5 10 13,1,30,,4364,0,5 10 13,1,70,,4350,0,5 10 13,1,30,,4351,0,5 10 13,1
442029,'Weekday-16',617,,4366,0,5 10 13,1,30,,4381,0,5 10 13,1,70,,4367,0,5 10 13,1,30,,4382,0,5 10 13,1,70,,4368,0,5 10 13,1,30,,4383,0,5 10 13,1,70,,4369,0,5 10 13,1,30,,4384,0,5 10 13,1,70,,4370,0,5 10 13,1,30,,4385,0,5 10 13,1,70,,4371,0,5 10 13,1,30,,4386,0,5 10 13,1,70,,4372,0,5 10 13,1,30,,4387,0,5 10 13,1,70,,4373,0,5 10 13,1,30,,4388,0,5 10 13,1,70,,4374,0,5 10 13,1,13,,4365,0,7 8,1,17,,4389,0,5 10 13,1,70,,4375,0,5 10 13,1,30,,4390,0,5 10 13,1,70,,4376,0,5 10 13,1,30,,4391,0,5 10 13,1,70,,4377,0,5 10 13,1,30,,4392,0,5 10 13,1,70,,4378,0,5 10 13,1,30,,4379,0,5 10 13,1
44300,'Weekday-13',617,,4393,,,1,30,,4406,,,1,70,,4394,,,1,30,,4407,,,1,70,,4395,,,1,30,,4408,,,1,70,,4396,,,1,30,,4409,,,1,70,,4397,,,1,30,,4410,,,1,70,,4398,,,1,30,,4411,,,1,70,,4399,,,1,30,,4412,,,1,70,,4400,,,1,30,,4413,,,1,70,,4401,,,1,30,,4414,,,1,70,,4402,,,1,11,,4420,0,7 8,1,19,,4415,,,1,70,,4403,,,1,30,,4416,,,1,70,,4404,,,1,30,,4417,,,1,70,,4405,,,1,30,,4419,0,9 10 11 12 10 5,1
44300,'Weekday-15',617,,4421,,,1,30,,4434,,,1,70,,4422,,,1,30,,4435,,,1,70,,4423,,,1,30,,4436,,,1,70,,4424,,,1,30,,4437,,,1,70,,4425,,,1,30,,4438,,,1,70,,4426,,,1,30,,4439,,,1,70,,4427,,,1,30,,4440,,,1,70,,4428,,,1,30,,4441,,,1,70,,4429,,,1,30,,4442,,,1,70,,4430,,,1,30,,4443,,,1,70,,4431,,,1,30,,4444,,,1,70,,4432,,,1,30,,4445,,,1,70,,4433,,,1,30,,4447,0,9 10 11 12 10 5,1
44300,'Weekday-16',617,,4449,,,1,30,,4462,,,1,70,,4450,,,1,30,,4463,,,1,70,,4451,,,1,30,,4464,,,1,70,,4452,,,1,30,,4465,,,1,70,,4453,,,1,30,,4466,,,1,70,,4454,,,1,30,,4467,,,1,70,,4455,,,1,30,,4468,,,1,70,,4456,,,1,30,,4469,,,1,70,,4457,,,1,11,,4448,0,7 8,1,19,,4470,,,1,70,,4458,,,1,30,,4471,,,1,70,,4459,,,1,30,,4472,,,1,70,,4460,,,1,30,,4473,,,1,70,,4461,,,1,30,,4475,0,9 10 11 12 10 5,1
450029,'Weekday-13',620,,4639,,,1,30,,4652,,,1,70,,4640,,,1,30,,4653,,,1,70,,4641,,,1,30,,4654,,,1,70,,4642,,,1,30,,4655,,,1,70,,4643,,,1,30,,4656,,,1,70,,4644,,,1,30,,4657,,,1,70,,4645,,,1,30,,4658,,,1,70,,4646,,,1,30,,4659,,,1,70,,4647,,,1,30,,4660,,,1,70,,4648,,,1,30,,4661,,,1,70,,4649,,,1,30,,4662,,,1,70,,4650,,,1,30,,4663,,,1,70,,4651,,,1,30,,4664,,,1
450029,'Weekday-15',620,,4666,,,1,30,,4679,,,1,70,,4667,,,1,30,,4680,,,1,70,,4668,,,1,30,,4681,,,1,70,,4669,,,1,30,,4682,,,1,70,,4670,,,1,30,,4683,,,1,70,,4671,,,1,30,,4684,,,1,70,,4672,,,1,30,,4685,,,1,70,,4673,,,1,30,,4686,,,1,70,,4674,,,1,30,,4687,,,1,70,,4675,,,1,30,,4688,,,1,70,,4676,,,1,30,,4689,,,1,70,,4677,,,1,30,,4690,,,1,70,,4678,,,1,30,,4691,,,1
450029,'Weekday-16',620,,4693,,,1,30,,4706,,,1,70,,4694,,,1,30,,4707,,,1,70,,4695,,,1,30,,4708,,,1,70,,4696,,,1,30,,4709,,,1,70,,4697,,,1,30,,4710,,,1,70,,4698,,,1,30,,4711,,,1,70,,4699,,,1,30,,4712,,,1,70,,4700,,,1,30,,4713,,,1,70,,4701,,,1,30,,4714,,,1,70,,4702,,,1,30,,4715,,,1,70,,4703,,,1,30,,4716,,,1,70,,4704,,,1,30,,4717,,,1,70,,4705,,,1,30,,4718,,,1
45100,'Weekday-13',617,,4719,,,1,30,,4732,,,1,70,,4720,,,1,30,,4733,,,1,70,,4721,,,1,30,,4734,,,1,70,,4722,,,1,30,,4735,,,1,70,,4723,,,1,30,,4736,,,1,70,,4724,,,1,30,,4737,,,1,70,,4725,,,1,30,,4738,,,1,70,,4726,,,1,30,,4739,,,1,70,,4727,,,1,30,,4740,,,1,70,,4728,,,1,6,,4746,0,20 7 8,1,24,,4741,,,1,70,,4729,,,1,30,,4742,,,1,70,,4730,,,1,30,,4743,,,1,70,,4731,,,1,30,,4744,0,9 10 21 22 10 5,1
45100,'Weekday-15',617,,4747,,,1,30,,4760,,,1,70,,4748,,,1,30,,4761,,,1,70,,4749,,,1,30,,4762,,,1,70,,4750,,,1,30,,4763,,,1,70,,4751,,,1,30,,4764,,,1,70,,4752,,,1,30,,4765,,,1,70,,4753,,,1,30,,4766,,,1,70,,4754,,,1,30,,4767,,,1,70,,4755,,,1,30,,4768,,,1,70,,4756,,,1,30,,4769,,,1,70,,4757,,,1,30,,4770,,,1,70,,4758,,,1,30,,4771,,,1,70,,4759,,,1,30,,4772,0,9 10 21 22 10 5,1
45100,'Weekday-16',617,,4775,,,1,30,,4788,,,1,70,,4776,,,1,30,,4789,,,1,70,,4777,,,1,30,,4790,,,1,70,,4778,,,1,30,,4791,,,1,70,,4779,,,1,30,,4792,,,1,70,,4780,,,1,30,,4793,,,1,70,,4781,,,1,30,,4794,,,1,70,,4782,,,1,30,,4795,,,1,70,,4783,,,1,6,,4774,0,20 7 8,1,24,,4796,,,1,70,,4784,,,1,30,,4797,,,1,70,,4785,,,1,30,,4798,,,1,70,,4786,,,1,30,,4799,,,1,70,,4787,,,1,30,,4800,0,9 10 21 22 10 5,1
