40100,'Weekday-8',612,,4844,9,4,,1,30,,4839,9,4,,1,70,,4845,9,4,,1,30,,4840,9,4,,1,70,,4846,9,4,,1,30,,4841,9,4,,1,70,,4847,9,4,,1,30,,4842,9,4,,1,100,,4843,9,4,,1,100,,4838,9,4,,1,100,,4854,9,4,,1,100,,4855,9,4,,1,100,,4856,9,4,,1,100,,4857,9,4,,1,70,,4848,9,4,,1,30,,4850,9,4,,1,70,,4853,9,4,,1,30,,4849,9,4,,1,70,,4852,9,4,,1,30,,4858,9,4,,1,70,,4851,9,4,,1
40101,'Weekday-8',612,,4865,1,,,1,30,,4859,1,,,1,70,,4866,1,,,1,30,,4860,1,,,1,70,,4867,1,,,1,30,,4861,1,,,1,70,,4868,1,,,1,30,,4862,1,,,1,100,,4863,1,,,1,100,,4864,1,,,1,100,,4876,1,,,1,100,,4877,1,,,1,100,,4874,1,,,1,95,,4870,1,,,1,68,,4875,1,,,1,30,,4869,1,,,1,70,,4871,1,,,1,35,,4878,1,,,1,72,,4872,1,,,1,30,,4879,1,,,1,70,,4873,1,,,1
41100,'Saturday-10',743,,4929,13,4,,1,100,,4930,13,4,,1,100,,4931,13,4,,1,100,,4932,13,4,,1,100,,4933,13,4,,1,100,,4934,13,4,,1,100,,4935,13,4,,1,100,,4936,13,4,,1,100,,4937,13,4,,1,100,,4938,13,4,,1,100,,4939,13,4,,1,100,,4940,13,4,,1,100,,4941,13,4,,1,100,,4942,13,4,,1,100,,4943,13,4,,1,100,,4944,13,4,,1,100,,4945,13,4,,1
41100,'Saturday-11',743,,4956,13,4,,1,100,,4957,13,4,,1,100,,4958,13,4,,1,100,,4959,13,4,,1,100,,4960,13,4,,1,100,,4961,13,4,,1,100,,4962,13,4,,1,100,,4946,13,4,,1,100,,4947,13,4,,1,100,,4948,13,4,,1,100,,4949,13,4,,1,100,,4950,13,4,,1,100,,4951,13,4,,1,100,,4952,13,4,,1,100,,4953,13,4,,1,100,,4954,13,4,,1,100,,4955,13,4,,1
41100,'Sunday-3',843,,4963,13,4,,1,100,,4964,13,4,,1,100,,4965,13,4,,1,100,,4966,13,4,,1,100,,4967,13,4,,1,100,,4968,13,4,,1,100,,4969,13,4,,1,100,,4970,13,4,,1,100,,4971,13,4,,1,100,,4972,13,4,,1,100,,4973,13,4,,1,100,,4974,13,4,,1
41100,'Weekday-8',606,,5015,13,4,,1,25,,4989,13,4,,1,15,,4981,13,4,,1,55,,4994,13,4,,1,15,,5011,13,4,,1,15,,4979,13,4,,1,15,,4975,13,4,,1,55,,4982,13,4,,1,15,,4995,13,4,,1,15,,5012,13,4,,1,15,,4980,13,4,,1,55,,4976,13,4,,1,15,,4983,13,4,,1,10,,4996,13,4,,1,17,,5013,13,4,,1,70,,4977,13,4,,1,30,,4984,13,4,,1,70,,5014,13,4,,1,30,,4978,13,4,,1,70,,4985,13,4,,1,30,,5008,13,4,,1,70,,4990,13,4,,1,30,,4986,13,4,,1,70,,5009,13,4,,1,30,,4991,13,4,,1,70,,4987,13,4,,1,32,,5010,13,4,,1,70,,4992,13,4,,1,30,,4997,13,4,,1,55,,5006,13,4,,1,15,,4999,13,4,,1,15,,4993,13,4,,1,15,,4988,13,4,,1,55,,4998,13,4,,1,15,,5007,13,4,,1,28,,5000,13,4,,1,70,,5016,13,4,,1,30,,5001,13,4,,1,100,,5002,13,4,,1,100,,5003,13,4,,1,100,,5004,13,4,,1,100,,5005,13,4,,1
41101,'Saturday-10',743,,5017,1,,,1,100,,5018,1,,,1,100,,5019,1,,,1,100,,5020,1,,,1,100,,5021,1,,,1,100,,5022,1,,,1,100,,5023,1,,,1,100,,5024,1,,,1,100,,5025,1,,,1,100,,5026,1,,,1,100,,5027,1,,,1,100,,5028,1,,,1,100,,5029,1,,,1,100,,5030,1,,,1,100,,5031,1,,,1,100,,5032,1,,,1,100,,5033,1,,,1
41101,'Saturday-11',743,,5044,1,,,1,100,,5045,1,,,1,100,,5046,1,,,1,100,,5047,1,,,1,100,,5048,1,,,1,100,,5049,1,,,1,100,,5050,1,,,1,100,,5034,1,,,1,100,,5035,1,,,1,100,,5036,1,,,1,100,,5037,1,,,1,100,,5038,1,,,1,100,,5039,1,,,1,100,,5040,1,,,1,100,,5041,1,,,1,100,,5042,1,,,1,100,,5043,1,,,1
41101,'Sunday-3',843,,5051,1,,,1,100,,5052,1,,,1,100,,5053,1,,,1,100,,5054,1,,,1,100,,5055,1,,,1,100,,5056,1,,,1,100,,5057,1,,,1,100,,5058,1,,,1,100,,5059,1,,,1,100,,5060,1,,,1,100,,5061,1,,,1,100,,5062,1,,,1
41101,'Weekday-8',606,,5101,1,,,1,31,,5075,1,,,1,15,,5067,1,,,1,55,,5081,1,,,1,15,,5097,1,,,1,15,,5066,1,,,1,15,,5063,1,,,1,55,,5068,1,,,1,30,,5098,1,,,1,70,,5064,1,,,1,30,,5069,1,,,1,70,,5099,1,,,1,31,,5065,1,,,1,70,,5070,1,,,1,30,,5100,1,,,1,70,,5076,1,,,1,30,,5071,1,,,1,70,,5094,1,,,1,30,,5077,1,,,1,67,,5072,1,,,1,30,,5095,1,,,1,70,,5078,1,,,1,13,,5073,1,,,1,15,,5082,1,,,1,12,,5096,1,,,1,55,,5085,1,,,1,15,,5079,1,,,1,15,,5074,1,,,1,15,,5083,1,,,1,55,,5093,1,,,1,15,,5086,1,,,1,15,,5080,1,,,1,78,,5084,1,,,1,35,,5088,1,,,1,100,,5089,1,,,1,100,,5090,1,,,1,100,,5091,1,,,1,100,,5092,1,,,1,100,,5087,1,,,1
