44201,'Weekday-30',606,,4179,8,0,14,1,30,,4158,8,0,14,1,70,,4166,8,0,14,1,30,,4159,8,0,14,1,70,,4167,8,0,14,1,30,,4160,8,0,14,1,70,,4168,8,0,14,1,30,,4161,8,0,14,1,70,,4169,8,0,14,1,30,,4162,8,0,14,1,70,,4170,8,0,14,1,30,,4163,8,0,14,1,70,,4171,8,0,14,1,30,,4164,8,0,14,1,70,,4172,8,0,14,1,30,,4156,8,0,14,1,70,,4173,8,0,14,1,30,,4157,8,0,14,1,70,,4174,8,0,14,1,30,,4165,8,0,14,1,70,,4175,8,0,14,1,30,,4153,8,0,14,1,70,,4176,8,0,14,1,30,,4154,8,0,14,1,70,,4177,8,0,14,1,30,,4155,8,0,14,1,70,,4178,8,0,14,1
44201,'Weekday-32',606,,4206,8,0,14,1,30,,4185,8,0,14,1,70,,4193,8,0,14,1,30,,4186,8,0,14,1,70,,4194,8,0,14,1,30,,4187,8,0,14,1,70,,4195,8,0,14,1,30,,4188,8,0,14,1,70,,4196,8,0,14,1,30,,4189,8,0,14,1,70,,4197,8,0,14,1,30,,4190,8,0,14,1,70,,4198,8,0,14,1,30,,4191,8,0,14,1,70,,4199,8,0,14,1,30,,4183,8,0,14,1,70,,4200,8,0,14,1,30,,4184,8,0,14,1,70,,4201,8,0,14,1,30,,4192,8,0,14,1,70,,4202,8,0,14,1,30,,4180,8,0,14,1,70,,4203,8,0,14,1,30,,4181,8,0,14,1,70,,4204,8,0,14,1,30,,4182,8,0,14,1,70,,4205,8,0,14,1
44201,'Weekday-33',606,,4233,8,0,14,1,30,,4212,8,0,14,1,70,,4220,8,0,14,1,30,,4213,8,0,14,1,70,,4221,8,0,14,1,30,,4214,8,0,14,1,70,,4222,8,0,14,1,30,,4215,8,0,14,1,70,,4223,8,0,14,1,30,,4216,8,0,14,1,70,,4224,8,0,14,1,30,,4217,8,0,14,1,70,,4225,8,0,14,1,30,,4218,8,0,14,1,70,,4226,8,0,14,1,30,,4210,8,0,14,1,70,,4227,8,0,14,1,30,,4211,8,0,14,1,70,,4228,8,0,14,1,30,,4219,8,0,14,1,70,,4229,8,0,14,1,30,,4207,8,0,14,1,70,,4230,8,0,14,1,30,,4208,8,0,14,1,70,,4231,8,0,14,1,30,,4209,8,0,14,1,70,,4232,8,0,14,1
44301,'Weekday-30',606,,4330,27,,,1,30,,4331,29,,,1,70,,4317,29,,,1,30,,4332,29,,,1,70,,4318,29,,,1,30,,4333,29,,,1,70,,4319,29,,,1,30,,4334,29,,,1,70,,4320,29,,,1,30,,4335,29,,,1,70,,4321,29,,,1,30,,4336,29,,,1,70,,4322,29,,,1,30,,4337,29,,,1,70,,4323,29,,,1,30,,4338,29,,,1,70,,4324,29,,,1,30,,4339,29,,,1,70,,4325,29,,,1,30,,4340,29,,,1,70,,4326,29,,,1,30,,4341,29,,,1,70,,4327,29,,,1,30,,4342,29,,,1,70,,4328,29,,,1,30,,4343,29,,,1,70,,4329,29,,,1
44301,'Weekday-32',606,,4357,27,,,1,30,,4358,29,,,1,70,,4344,29,,,1,30,,4359,29,,,1,70,,4345,29,,,1,30,,4360,29,,,1,70,,4346,29,,,1,30,,4361,29,,,1,70,,4347,29,,,1,30,,4362,29,,,1,70,,4348,29,,,1,30,,4363,29,,,1,70,,4349,29,,,1,30,,4364,29,,,1,70,,4350,29,,,1,30,,4365,29,,,1,70,,4351,29,,,1,30,,4366,29,,,1,70,,4352,29,,,1,30,,4367,29,,,1,70,,4353,29,,,1,30,,4368,29,,,1,70,,4354,29,,,1,30,,4369,29,,,1,70,,4355,29,,,1,30,,4370,29,,,1,70,,4356,29,,,1
44301,'Weekday-33',606,,4384,27,,,1,30,,4385,29,,,1,70,,4371,29,,,1,30,,4386,29,,,1,70,,4372,29,,,1,30,,4387,29,,,1,70,,4373,29,,,1,30,,4388,29,,,1,70,,4374,29,,,1,30,,4389,29,,,1,70,,4375,29,,,1,30,,4390,29,,,1,70,,4376,29,,,1,30,,4391,29,,,1,70,,4377,29,,,1,30,,4392,29,,,1,70,,4378,29,,,1,30,,4393,29,,,1,70,,4379,29,,,1,30,,4394,29,,,1,70,,4380,29,,,1,30,,4395,29,,,1,70,,4381,29,,,1,30,,4396,29,,,1,70,,4382,29,,,1,30,,4397,29,,,1,70,,4383,29,,,1
45001,'Weekday-30',604,,4491,8,,,1,30,,4479,8,,,1,70,,4493,8,,,1,30,,4480,8,,,1,70,,4494,8,,,1,30,,4481,8,,,1,70,,4495,8,,,1,30,,4482,8,,,1,70,,4496,8,,,1,30,,4492,8,,,1,70,,4497,8,,,1,30,,4483,8,,,1,70,,4498,8,,,1,30,,4484,8,,,1,70,,4499,8,,,1,30,,4485,8,,,1,70,,4500,8,,,1,30,,4486,8,,,1,70,,4501,8,,,1,30,,4487,8,,,1,70,,4502,8,,,1,30,,4488,8,,,1,70,,4503,8,,,1,30,,4489,8,,,1,70,,4504,8,,,1,30,,4490,8,,,1,70,,4505,8,,,1
45001,'Weekday-32',604,,4518,8,,,1,30,,4506,8,,,1,70,,4520,8,,,1,30,,4507,8,,,1,70,,4521,8,,,1,30,,4508,8,,,1,70,,4522,8,,,1,30,,4509,8,,,1,70,,4523,8,,,1,30,,4519,8,,,1,70,,4524,8,,,1,30,,4510,8,,,1,70,,4525,8,,,1,30,,4511,8,,,1,70,,4526,8,,,1,30,,4512,8,,,1,70,,4527,8,,,1,30,,4513,8,,,1,70,,4528,8,,,1,30,,4514,8,,,1,70,,4529,8,,,1,30,,4515,8,,,1,70,,4530,8,,,1,30,,4516,8,,,1,70,,4531,8,,,1,30,,4517,8,,,1,70,,4532,8,,,1
45001,'Weekday-33',604,,4545,8,,,1,30,,4533,8,,,1,70,,4547,8,,,1,30,,4534,8,,,1,70,,4548,8,,,1,30,,4535,8,,,1,70,,4549,8,,,1,30,,4536,8,,,1,70,,4550,8,,,1,30,,4546,8,,,1,70,,4551,8,,,1,30,,4537,8,,,1,70,,4552,8,,,1,30,,4538,8,,,1,70,,4553,8,,,1,30,,4539,8,,,1,70,,4554,8,,,1,30,,4540,8,,,1,70,,4555,8,,,1,30,,4541,8,,,1,70,,4556,8,,,1,30,,4542,8,,,1,70,,4557,8,,,1,30,,4543,8,,,1,70,,4558,8,,,1,30,,4544,8,,,1,70,,4559,8,,,1
45101,'Weekday-30',607,,4656,21,,,1,30,,4657,24,,,1,70,,4643,24,,,1,30,,4658,24,,,1,70,,4644,24,,,1,30,,4659,24,,,1,70,,4645,24,,,1,30,,4660,24,,,1,70,,4646,24,,,1,30,,4661,24,,,1,70,,4647,24,,,1,30,,4662,24,,,1,70,,4648,24,,,1,30,,4663,24,,,1,70,,4649,24,,,1,30,,4664,24,,,1,70,,4650,24,,,1,30,,4665,24,,,1,70,,4651,24,,,1,30,,4666,24,,,1,70,,4652,24,,,1,30,,4667,24,,,1,70,,4653,24,,,1,30,,4668,24,,,1,70,,4654,24,,,1,30,,4669,24,,,1,70,,4655,24,,,1
45101,'Weekday-32',607,,4683,21,,,1,30,,4684,24,,,1,70,,4670,24,,,1,30,,4685,24,,,1,70,,4671,24,,,1,30,,4686,24,,,1,70,,4672,24,,,1,30,,4687,24,,,1,70,,4673,24,,,1,30,,4688,24,,,1,70,,4674,24,,,1,30,,4689,24,,,1,70,,4675,24,,,1,30,,4690,24,,,1,70,,4676,24,,,1,30,,4691,24,,,1,70,,4677,24,,,1,30,,4692,24,,,1,70,,4678,24,,,1,30,,4693,24,,,1,70,,4679,24,,,1,30,,4694,24,,,1,70,,4680,24,,,1,30,,4695,24,,,1,70,,4681,24,,,1,30,,4696,24,,,1,70,,4682,24,,,1
45101,'Weekday-33',607,,4710,21,,,1,30,,4711,24,,,1,70,,4697,24,,,1,30,,4712,24,,,1,70,,4698,24,,,1,30,,4713,24,,,1,70,,4699,24,,,1,30,,4714,24,,,1,70,,4700,24,,,1,30,,4715,24,,,1,70,,4701,24,,,1,30,,4716,24,,,1,70,,4702,24,,,1,30,,4717,24,,,1,70,,4703,24,,,1,30,,4718,24,,,1,70,,4704,24,,,1,30,,4719,24,,,1,70,,4705,24,,,1,30,,4720,24,,,1,70,,4706,24,,,1,30,,4721,24,,,1,70,,4707,24,,,1,30,,4722,24,,,1,70,,4708,24,,,1,30,,4723,24,,,1,70,,4709,24,,,1
