41100,'Saturday-10',715,,4929,1,,,1,100,,4930,1,,,1,100,,4931,1,,,1,100,,4932,1,,,1,100,,4933,1,,,1,100,,4934,1,,,1,100,,4935,1,,,1,100,,4936,1,,,1,100,,4937,1,,,1,100,,4938,1,,,1,100,,4939,1,,,1,100,,4940,1,,,1,100,,4941,1,,,1,100,,4942,1,,,1,100,,4943,1,,,1,100,,4944,1,,,1,100,,4945,1,,,1
41100,'Saturday-11',715,,4956,1,,,1,100,,4957,1,,,1,100,,4958,1,,,1,100,,4959,1,,,1,100,,4960,1,,,1,100,,4961,1,,,1,100,,4962,1,,,1,100,,4946,1,,,1,100,,4947,1,,,1,100,,4948,1,,,1,100,,4949,1,,,1,100,,4950,1,,,1,100,,4951,1,,,1,100,,4952,1,,,1,100,,4953,1,,,1,100,,4954,1,,,1,100,,4955,1,,,1
41100,'Saturday-12',715,,5682,1,,,1,100,,5683,1,,,1,100,,5684,1,,,1,100,,5685,1,,,1,100,,5686,1,,,1,100,,5687,1,,,1,100,,5688,1,,,1,100,,5689,1,,,1,100,,5690,1,,,1,100,,5691,1,,,1,100,,5692,1,,,1,100,,5693,1,,,1,100,,5694,1,,,1,100,,5695,1,,,1,100,,5696,1,,,1,100,,5697,1,,,1,100,,5698,1,,,1
41100,'Saturday-14',715,,5699,1,,,1,100,,5700,1,,,1,100,,5701,1,,,1,100,,5702,1,,,1,100,,5703,1,,,1,100,,5704,1,,,1,100,,5705,1,,,1,100,,5713,1,,,1,100,,5714,1,,,1,100,,5715,1,,,1,100,,5706,1,,,1,100,,5707,1,,,1,100,,5708,1,,,1,100,,5709,1,,,1,100,,5710,1,,,1,100,,5711,1,,,1,100,,5712,1,,,1
41100,'Sunday-3',815,,4963,1,,,1,100,,4964,1,,,1,100,,4965,1,,,1,100,,4966,1,,,1,100,,4967,1,,,1,100,,4968,1,,,1,100,,4969,1,,,1,100,,4970,1,,,1,100,,4971,1,,,1,100,,4972,1,,,1,100,,4973,1,,,1,100,,4974,1,,,1
41100,'Sunday-4',815,,5716,1,,,1,100,,5717,1,,,1,100,,5718,1,,,1,100,,5719,1,,,1,100,,5720,1,,,1,100,,5721,1,,,1,100,,5722,1,,,1,100,,5723,1,,,1,100,,5724,1,,,1,100,,5725,1,,,1,100,,5726,1,,,1,100,,5727,1,,,1
41100,'Weekday-8',540,,5015,1,,,1,60,,4989,1,,,1,15,,4981,1,,,1,15,,4994,1,,,1,15,,5011,1,,,1,55,,4979,1,,,1,15,,4975,1,,,1,15,,4982,1,,,1,15,,4995,1,,,1,55,,5012,1,,,1,15,,4980,1,,,1,15,,4976,1,,,1,15,,4983,1,,,1,55,,4996,1,,,1,15,,5013,1,,,1,30,,4977,1,,,1,70,,4984,1,,,1,30,,5014,1,,,1,70,,4978,1,,,1,30,,4985,1,,,1,70,,5008,1,,,1,30,,4990,1,,,1,70,,4986,1,,,1,30,,5009,1,,,1,70,,4991,1,,,1,30,,4987,1,,,1,70,,5010,1,,,1,30,,4992,1,,,1,70,,4997,1,,,1,15,,5006,1,,,1,15,,4999,1,,,1,55,,4993,1,,,1,15,,4988,1,,,1,15,,4998,1,,,1,15,,5007,1,,,1,70,,5000,1,,,1,30,,5016,1,,,1,70,,5001,1,,,1,100,,5002,1,,,1,100,,5003,1,,,1,100,,5004,1,,,1,100,,5005,1,,,1
41101,'Saturday-10',810,,5017,13,4,,1,100,,5018,13,4,,1,100,,5019,13,4,,1,100,,5020,13,4,,1,100,,5021,13,4,,1,100,,5022,13,4,,1,100,,5023,13,4,,1,100,,5024,13,4,,1,100,,5025,13,4,,1,100,,5026,13,4,,1,100,,5027,13,4,,1,100,,5028,13,4,,1,100,,5029,13,4,,1,100,,5030,13,4,,1,100,,5031,13,4,,1,100,,5032,13,4,,1,100,,5033,13,4,,1
41101,'Saturday-11',810,,5044,13,4,,1,100,,5045,13,4,,1,100,,5046,13,4,,1,100,,5047,13,4,,1,100,,5048,13,4,,1,100,,5049,13,4,,1,100,,5050,13,4,,1,100,,5034,13,4,,1,100,,5035,13,4,,1,100,,5036,13,4,,1,100,,5037,13,4,,1,100,,5038,13,4,,1,100,,5039,13,4,,1,100,,5040,13,4,,1,100,,5041,13,4,,1,100,,5042,13,4,,1,100,,5043,13,4,,1
41101,'Saturday-12',810,,5728,13,4,,1,100,,5729,13,4,,1,100,,5730,13,4,,1,100,,5731,13,4,,1,100,,5732,13,4,,1,100,,5733,13,4,,1,100,,5734,13,4,,1,100,,5735,13,4,,1,100,,5736,13,4,,1,100,,5737,13,4,,1,100,,5738,13,4,,1,100,,5739,13,4,,1,100,,5740,13,4,,1,100,,5741,13,4,,1,100,,5742,13,4,,1,100,,5743,13,4,,1,100,,5744,13,4,,1
41101,'Saturday-14',810,,5745,13,4,,1,100,,5746,13,4,,1,100,,5747,13,4,,1,100,,5748,13,4,,1,100,,5749,13,4,,1,100,,5750,13,4,,1,100,,5751,13,4,,1,100,,5759,13,4,,1,100,,5760,13,4,,1,100,,5761,13,4,,1,100,,5752,13,4,,1,100,,5753,13,4,,1,100,,5754,13,4,,1,100,,5755,13,4,,1,100,,5756,13,4,,1,100,,5757,13,4,,1,100,,5758,13,4,,1
41101,'Sunday-3',910,,5051,13,4,,1,100,,5052,13,4,,1,100,,5053,13,4,,1,100,,5054,13,4,,1,100,,5055,13,4,,1,100,,5056,13,4,,1,100,,5057,13,4,,1,100,,5058,13,4,,1,100,,5059,13,4,,1,100,,5060,13,4,,1,100,,5061,13,4,,1,100,,5062,13,4,,1
41101,'Sunday-4',910,,5762,13,4,,1,100,,5763,13,4,,1,100,,5764,13,4,,1,100,,5765,13,4,,1,100,,5766,13,4,,1,100,,5767,13,4,,1,100,,5768,13,4,,1,100,,5769,13,4,,1,100,,5770,13,4,,1,100,,5771,13,4,,1,100,,5772,13,4,,1,100,,5773,13,4,,1
41101,'Weekday-8',640,,5101,13,4,,1,70,,5075,13,4,,1,15,,5067,13,4,,1,15,,5081,13,4,,1,15,,5097,13,4,,1,55,,5066,13,4,,1,15,,5063,13,4,,1,15,,5068,13,4,,1,70,,5098,13,4,,1,30,,5064,13,4,,1,69,,5069,13,4,,1,30,,5099,13,4,,1,71,,5065,13,4,,1,30,,5070,13,4,,1,70,,5100,13,4,,1,30,,5076,13,4,,1,70,,5071,13,4,,1,30,,5094,13,4,,1,70,,5077,13,4,,1,30,,5072,13,4,,1,70,,5095,13,4,,1,30,,5078,13,4,,1,15,,5073,13,4,,1,55,,5082,13,4,,1,15,,5096,13,4,,1,15,,5085,13,4,,1,15,,5079,13,4,,1,55,,5074,13,4,,1,15,,5083,13,4,,1,15,,5093,13,4,,1,15,,5086,13,4,,1,55,,5080,13,4,,1,30,,5084,13,4,,1,70,,5088,13,4,,1,100,,5089,13,4,,1,100,,5090,13,4,,1,100,,5091,13,4,,1,100,,5092,13,4,,1,100,,5087,13,4,,1
