41100,'Holiday1-10',715,,2711,,,1,100,,2712,,,1,100,,2713,,,1,100,,2714,,,1,100,,2715,,,1,100,,2716,,,1,100,,2717,,,1,100,,2718,,,1,100,,2719,,,1,100,,2703,,,1,100,,2704,,,1,100,,2705,,,1,100,,2706,,,1,100,,2707,,,1,100,,2708,,,1,100,,2709,,,1,100,,2710,,,1
41100,'Saturday-6',715,,2720,,,1,100,,2721,,,1,100,,2722,,,1,100,,2723,,,1,100,,2724,,,1,100,,2725,,,1,100,,2726,,,1,100,,2727,,,1,100,,2728,,,1,100,,2729,,,1,100,,2730,,,1,100,,2731,,,1,100,,2732,,,1,100,,2733,,,1,100,,2734,,,1,100,,2735,,,1,100,,2736,,,1
41100,'Sunday-4',815,,2737,,,1,100,,2738,,,1,100,,2739,,,1,100,,2740,,,1,100,,2741,,,1,100,,2742,,,1,100,,2743,,,1,100,,2744,,,1,100,,2745,,,1,100,,2746,,,1,100,,2747,,,1,100,,2748,,,1
41100,'Weekday-13',540,,2757,,,1,60,,2767,,,1,15,,2760,,,1,15,,2763,,,1,15,,2749,,,1,55,,2758,,,1,15,,2768,,,1,15,,2761,,,1,15,,2764,,,1,55,,2750,,,1,15,,2759,,,1,15,,2769,,,1,15,,2762,,,1,55,,2751,,,1,15,,2765,,,1,30,,2770,,,1,70,,2752,,,1,30,,2766,,,1,70,,2771,,,1,30,,2753,,,1,70,,2786,,,1,30,,2782,,,1,70,,2754,,,1,30,,2787,,,1,70,,2783,,,1,30,,2755,,,1,70,,2788,,,1,30,,2784,,,1,70,,2772,,,1,15,,2789,,,1,15,,2775,,,1,55,,2785,,,1,15,,2756,,,1,15,,2773,,,1,15,,2790,,,1,70,,2776,,,1,30,,2774,,,1,70,,2777,,,1,100,,2778,,,1,100,,2779,,,1,100,,2780,,,1,100,,2781,,,1
41100,'Weekday-15',540,,2803,,,1,60,,2810,,,1,15,,2804,,,1,15,,2816,,,1,15,,2795,,,1,55,,2808,,,1,15,,2829,,,1,15,,2805,,,1,15,,2817,,,1,55,,2796,,,1,15,,2809,,,1,15,,2830,,,1,15,,2806,,,1,55,,2797,,,1,15,,2818,,,1,30,,2831,,,1,70,,2798,,,1,30,,2819,,,1,70,,2832,,,1,30,,2799,,,1,70,,2811,,,1,30,,2791,,,1,70,,2800,,,1,30,,2812,,,1,70,,2792,,,1,30,,2801,,,1,70,,2813,,,1,30,,2793,,,1,70,,2826,,,1,15,,2814,,,1,15,,2807,,,1,55,,2794,,,1,15,,2802,,,1,15,,2827,,,1,15,,2815,,,1,70,,2820,,,1,30,,2828,,,1,70,,2821,,,1,100,,2822,,,1,100,,2823,,,1,100,,2824,,,1,100,,2825,,,1
41100,'Weekday-16',540,,2845,,,1,60,,2854,,,1,15,,2846,,,1,15,,2864,,,1,15,,2837,,,1,55,,2849,,,1,15,,2855,,,1,15,,2847,,,1,15,,2865,,,1,55,,2838,,,1,15,,2850,,,1,15,,2856,,,1,15,,2848,,,1,55,,2839,,,1,15,,2866,,,1,30,,2857,,,1,70,,2840,,,1,30,,2867,,,1,70,,2858,,,1,30,,2841,,,1,70,,2859,,,1,30,,2833,,,1,70,,2842,,,1,30,,2860,,,1,70,,2834,,,1,30,,2843,,,1,70,,2861,,,1,30,,2835,,,1,70,,2851,,,1,15,,2862,,,1,15,,2874,,,1,55,,2836,,,1,15,,2844,,,1,15,,2852,,,1,15,,2863,,,1,70,,2868,,,1,30,,2853,,,1,70,,2869,,,1,100,,2870,,,1,100,,2871,,,1,100,,2872,,,1,100,,2873,,,1
41101,'Holiday1-10',810,,2883,4,,1,100,,2884,4,,1,100,,2885,4,,1,100,,2886,4,,1,100,,2887,4,,1,100,,2888,4,,1,100,,2889,4,,1,100,,2890,4,,1,100,,2891,4,,1,100,,2875,4,,1,100,,2876,4,,1,100,,2877,4,,1,100,,2878,4,,1,100,,2879,4,,1,100,,2880,4,,1,100,,2881,4,,1,100,,2882,4,,1
41101,'Saturday-6',810,,2892,4,,1,100,,2893,4,,1,100,,2894,4,,1,100,,2895,4,,1,100,,2896,4,,1,100,,2897,4,,1,100,,2898,4,,1,100,,2899,4,,1,100,,2900,4,,1,100,,2901,4,,1,100,,2902,4,,1,100,,2903,4,,1,100,,2904,4,,1,100,,2905,4,,1,100,,2906,4,,1,100,,2907,4,,1,100,,2908,4,,1
41101,'Sunday-4',910,,2909,4,,1,100,,2910,4,,1,100,,2911,4,,1,100,,2912,4,,1,100,,2913,4,,1,100,,2914,4,,1,100,,2915,4,,1,100,,2916,4,,1,100,,2917,4,,1,100,,2918,4,,1,100,,2919,4,,1,100,,2920,4,,1
41101,'Weekday-13',640,,2928,4,,1,70,,2936,4,,1,15,,2930,4,,1,15,,2932,4,,1,15,,2921,4,,1,55,,2929,4,,1,15,,2937,4,,1,15,,2931,4,,1,70,,2933,4,,1,30,,2938,4,,1,69,,2922,4,,1,30,,2934,4,,1,71,,2939,4,,1,30,,2923,4,,1,70,,2935,4,,1,30,,2951,4,,1,70,,2924,4,,1,30,,2956,4,,1,70,,2952,4,,1,30,,2925,4,,1,70,,2957,4,,1,30,,2953,4,,1,15,,2926,4,,1,55,,2940,4,,1,15,,2958,4,,1,15,,2943,4,,1,15,,2954,4,,1,55,,2927,4,,1,15,,2941,4,,1,15,,2959,4,,1,15,,2944,4,,1,55,,2955,4,,1,30,,2942,4,,1,70,,2946,4,,1,100,,2947,4,,1,100,,2948,4,,1,100,,2949,4,,1,100,,2950,4,,1,100,,2945,4,,1
41101,'Weekday-15',640,,2972,4,,1,70,,2978,4,,1,15,,2973,4,,1,15,,2983,4,,1,15,,2965,4,,1,55,,2977,4,,1,15,,2996,4,,1,15,,2974,4,,1,70,,2984,4,,1,30,,2997,4,,1,69,,2966,4,,1,30,,2985,4,,1,71,,2998,4,,1,30,,2967,4,,1,70,,2986,4,,1,30,,2960,4,,1,70,,2968,4,,1,30,,2979,4,,1,70,,2961,4,,1,30,,2969,4,,1,70,,2980,4,,1,30,,2962,4,,1,15,,2970,4,,1,55,,2993,4,,1,15,,2981,4,,1,15,,2975,4,,1,15,,2963,4,,1,55,,2971,4,,1,15,,2994,4,,1,15,,2982,4,,1,15,,2976,4,,1,55,,2964,4,,1,30,,2995,4,,1,70,,2988,4,,1,100,,2989,4,,1,100,,2990,4,,1,100,,2991,4,,1,100,,2992,4,,1,100,,2987,4,,1
41101,'Weekday-16',640,,3011,4,,1,70,,3018,4,,1,15,,3012,4,,1,15,,3026,4,,1,15,,3004,4,,1,55,,3014,4,,1,15,,3019,4,,1,15,,3013,4,,1,70,,3027,4,,1,30,,3020,4,,1,69,,3005,4,,1,30,,3028,4,,1,71,,3021,4,,1,30,,3006,4,,1,70,,3029,4,,1,30,,2999,4,,1,70,,3007,4,,1,30,,3022,4,,1,70,,3000,4,,1,30,,3008,4,,1,70,,3023,4,,1,30,,3001,4,,1,15,,3009,4,,1,55,,3015,4,,1,15,,3024,4,,1,15,,3036,4,,1,15,,3002,4,,1,55,,3010,4,,1,15,,3016,4,,1,15,,3025,4,,1,15,,3037,4,,1,55,,3003,4,,1,30,,3017,4,,1,70,,3031,4,,1,100,,3032,4,,1,100,,3033,4,,1,100,,3034,4,,1,100,,3035,4,,1,100,,3030,4,,1
