44200,'Weekday-30',617,,4070,2,0,14,1,30,,4085,2,0,14,1,70,,4071,2,0,14,1,30,,4086,2,0,14,1,70,,4072,2,0,14,1,30,,4087,2,0,14,1,70,,4073,2,0,14,1,30,,4088,2,0,14,1,70,,4074,2,0,14,1,30,,4089,2,0,14,1,70,,4075,2,0,14,1,30,,4090,2,0,14,1,70,,4076,2,0,14,1,30,,4091,2,0,14,1,70,,4077,2,0,14,1,30,,4092,2,0,14,1,70,,4078,2,0,14,1,30,,4093,2,0,14,1,70,,4079,2,0,14,1,30,,4094,2,0,14,1,70,,4080,2,0,14,1,30,,4095,2,0,14,1,70,,4081,2,0,14,1,30,,4096,2,0,14,1,70,,4082,2,0,14,1,30,,4083,2,0,14,1
44200,'Weekday-32',617,,4097,2,0,14,1,30,,4112,2,0,14,1,70,,4098,2,0,14,1,30,,4113,2,0,14,1,70,,4099,2,0,14,1,30,,4114,2,0,14,1,70,,4100,2,0,14,1,30,,4115,2,0,14,1,70,,4101,2,0,14,1,30,,4116,2,0,14,1,70,,4102,2,0,14,1,30,,4117,2,0,14,1,70,,4103,2,0,14,1,30,,4118,2,0,14,1,70,,4104,2,0,14,1,30,,4119,2,0,14,1,70,,4105,2,0,14,1,13,,4124,5,0,10 11,1,17,,4120,2,0,14,1,70,,4106,2,0,14,1,30,,4121,2,0,14,1,70,,4107,2,0,14,1,30,,4122,2,0,14,1,70,,4108,2,0,14,1,30,,4123,2,0,14,1,70,,4109,2,0,14,1,30,,4110,2,0,14,1
44200,'Weekday-33',617,,4125,2,0,14,1,30,,4140,2,0,14,1,70,,4126,2,0,14,1,30,,4141,2,0,14,1,70,,4127,2,0,14,1,30,,4142,2,0,14,1,70,,4128,2,0,14,1,30,,4143,2,0,14,1,70,,4129,2,0,14,1,30,,4144,2,0,14,1,70,,4130,2,0,14,1,30,,4145,2,0,14,1,70,,4131,2,0,14,1,30,,4146,2,0,14,1,70,,4132,2,0,14,1,30,,4147,2,0,14,1,70,,4133,2,0,14,1,30,,4148,2,0,14,1,70,,4134,2,0,14,1,13,,4152,5,0,10 11,1,17,,4149,2,0,14,1,70,,4135,2,0,14,1,30,,4150,2,0,14,1,70,,4136,2,0,14,1,30,,4151,2,0,14,1,70,,4137,2,0,14,1,30,,4138,2,0,14,1
44300,'Weekday-30',617,,4234,2,,,1,30,,4247,2,,,1,70,,4235,2,,,1,30,,4248,2,,,1,70,,4236,2,,,1,30,,4249,2,,,1,70,,4237,2,,,1,30,,4250,2,,,1,70,,4238,2,,,1,30,,4251,2,,,1,70,,4239,2,,,1,30,,4252,2,,,1,70,,4240,2,,,1,30,,4253,2,,,1,70,,4241,2,,,1,30,,4254,2,,,1,70,,4242,2,,,1,30,,4255,2,,,1,70,,4243,2,,,1,30,,4256,2,,,1,70,,4244,2,,,1,30,,4257,2,,,1,70,,4245,2,,,1,30,,4258,2,,,1,70,,4246,2,,,1,30,,4260,2,0,12,1
44300,'Weekday-32',617,,4261,2,,,1,30,,4274,2,,,1,70,,4262,2,,,1,30,,4275,2,,,1,70,,4263,2,,,1,30,,4276,2,,,1,70,,4264,2,,,1,30,,4277,2,,,1,70,,4265,2,,,1,30,,4278,2,,,1,70,,4266,2,,,1,30,,4279,2,,,1,70,,4267,2,,,1,30,,4280,2,,,1,70,,4268,2,,,1,30,,4281,2,,,1,70,,4269,2,,,1,11,,4288,5,0,10 11,1,19,,4282,2,,,1,70,,4270,2,,,1,30,,4283,2,,,1,70,,4271,2,,,1,30,,4284,2,,,1,70,,4272,2,,,1,30,,4285,2,,,1,70,,4273,2,,,1,30,,4287,2,0,12,1
44300,'Weekday-33',617,,4289,2,,,1,30,,4302,2,,,1,70,,4290,2,,,1,30,,4303,2,,,1,70,,4291,2,,,1,30,,4304,2,,,1,70,,4292,2,,,1,30,,4305,2,,,1,70,,4293,2,,,1,30,,4306,2,,,1,70,,4294,2,,,1,30,,4307,2,,,1,70,,4295,2,,,1,30,,4308,2,,,1,70,,4296,2,,,1,30,,4309,2,,,1,70,,4297,2,,,1,30,,4310,2,,,1,70,,4298,2,,,1,11,,4316,5,0,10 11,1,19,,4311,2,,,1,70,,4299,2,,,1,30,,4312,2,,,1,70,,4300,2,,,1,30,,4313,2,,,1,70,,4301,2,,,1,30,,4315,2,0,12,1
45000,'Weekday-30',620,,4399,6,,,1,30,,4412,6,,,1,70,,4400,6,,,1,30,,4413,6,,,1,70,,4401,6,,,1,30,,4414,6,,,1,70,,4402,6,,,1,30,,4415,6,,,1,70,,4403,6,,,1,30,,4416,6,,,1,70,,4404,6,,,1,30,,4417,6,,,1,70,,4405,6,,,1,30,,4418,6,,,1,70,,4406,6,,,1,30,,4419,6,,,1,70,,4407,6,,,1,30,,4420,6,,,1,70,,4408,6,,,1,30,,4421,6,,,1,70,,4409,6,,,1,30,,4422,6,,,1,70,,4410,6,,,1,30,,4423,6,,,1,70,,4411,6,,,1,30,,4424,6,,,1
45000,'Weekday-32',620,,4426,6,,,1,30,,4439,6,,,1,70,,4427,6,,,1,30,,4440,6,,,1,70,,4428,6,,,1,30,,4441,6,,,1,70,,4429,6,,,1,30,,4442,6,,,1,70,,4430,6,,,1,30,,4443,6,,,1,70,,4431,6,,,1,30,,4444,6,,,1,70,,4432,6,,,1,30,,4445,6,,,1,70,,4433,6,,,1,30,,4446,6,,,1,70,,4434,6,,,1,30,,4447,6,,,1,70,,4435,6,,,1,30,,4448,6,,,1,70,,4436,6,,,1,30,,4449,6,,,1,70,,4437,6,,,1,30,,4450,6,,,1,70,,4438,6,,,1,30,,4451,6,,,1
45000,'Weekday-33',620,,4453,6,,,1,30,,4466,6,,,1,70,,4454,6,,,1,30,,4467,6,,,1,70,,4455,6,,,1,30,,4468,6,,,1,70,,4456,6,,,1,30,,4469,6,,,1,70,,4457,6,,,1,30,,4470,6,,,1,70,,4458,6,,,1,30,,4471,6,,,1,70,,4459,6,,,1,30,,4472,6,,,1,70,,4460,6,,,1,30,,4473,6,,,1,70,,4461,6,,,1,30,,4474,6,,,1,70,,4462,6,,,1,30,,4475,6,,,1,70,,4463,6,,,1,30,,4476,6,,,1,70,,4464,6,,,1,30,,4477,6,,,1,70,,4465,6,,,1,30,,4478,6,,,1
45100,'Weekday-30',617,,4560,2,,,1,30,,4573,2,,,1,70,,4561,2,,,1,30,,4574,2,,,1,70,,4562,2,,,1,30,,4575,2,,,1,70,,4563,2,,,1,30,,4576,2,,,1,70,,4564,2,,,1,30,,4577,2,,,1,70,,4565,2,,,1,30,,4578,2,,,1,70,,4566,2,,,1,30,,4579,2,,,1,70,,4567,2,,,1,30,,4580,2,,,1,70,,4568,2,,,1,30,,4581,2,,,1,70,,4569,2,,,1,30,,4582,2,,,1,70,,4570,2,,,1,30,,4583,2,,,1,70,,4571,2,,,1,30,,4584,2,,,1,70,,4572,2,,,1,30,,4585,2,0,12,1
45100,'Weekday-32',617,,4587,2,,,1,30,,4600,2,,,1,70,,4588,2,,,1,30,,4601,2,,,1,70,,4589,2,,,1,30,,4602,2,,,1,70,,4590,2,,,1,30,,4603,2,,,1,70,,4591,2,,,1,30,,4604,2,,,1,70,,4592,2,,,1,30,,4605,2,,,1,70,,4593,2,,,1,30,,4606,2,,,1,70,,4594,2,,,1,30,,4607,2,,,1,70,,4595,2,,,1,6,,4614,2,0,15 10 11,1,24,,4608,2,,,1,70,,4596,2,,,1,30,,4609,2,,,1,70,,4597,2,,,1,30,,4610,2,,,1,70,,4598,2,,,1,30,,4611,2,,,1,70,,4599,2,,,1,30,,4612,2,0,12,1
45100,'Weekday-33',617,,4615,2,,,1,30,,4628,2,,,1,70,,4616,2,,,1,30,,4629,2,,,1,70,,4617,2,,,1,30,,4630,2,,,1,70,,4618,2,,,1,30,,4631,2,,,1,70,,4619,2,,,1,30,,4632,2,,,1,70,,4620,2,,,1,30,,4633,2,,,1,70,,4621,2,,,1,30,,4634,2,,,1,70,,4622,2,,,1,30,,4635,2,,,1,70,,4623,2,,,1,30,,4636,2,,,1,70,,4624,2,,,1,6,,4642,2,0,15 10 11,1,24,,4637,2,,,1,70,,4625,2,,,1,30,,4638,2,,,1,70,,4626,2,,,1,30,,4639,2,,,1,70,,4627,2,,,1,30,,4640,2,0,12,1
