43100,'Weekday-30',601,,3446,12,,,1,30,,3420,24,,,1,70,,3433,24,,,1,30,,3421,24,,,1,70,,3434,24,,,1,30,,3422,24,,,1,70,,3435,24,,,1,30,,3423,24,,,1,70,,3436,24,,,1,30,,3424,24,,,1,70,,3437,24,,,1,30,,3425,24,,,1,70,,3438,24,,,1,30,,3426,24,,,1,70,,3439,24,,,1,30,,3427,24,,,1,70,,3440,24,,,1,30,,3428,24,,,1,70,,3441,24,,,1,30,,3429,24,,,1,70,,3442,24,,,1,30,,3430,24,,,1,70,,3443,24,,,1,30,,3431,24,,,1,70,,3444,24,,,1,30,,3432,24,,,1,70,,3445,24,,,1
43100,'Weekday-32',601,,3473,12,,,1,30,,3447,24,,,1,70,,3460,24,,,1,30,,3448,24,,,1,70,,3461,24,,,1,30,,3449,24,,,1,70,,3462,24,,,1,30,,3450,24,,,1,70,,3463,24,,,1,30,,3451,24,,,1,70,,3464,24,,,1,30,,3452,24,,,1,70,,3465,24,,,1,30,,3453,24,,,1,70,,3466,24,,,1,30,,3454,24,,,1,70,,3467,24,,,1,30,,3455,24,,,1,70,,3468,24,,,1,30,,3456,24,,,1,70,,3469,24,,,1,30,,3457,24,,,1,70,,3470,24,,,1,30,,3458,24,,,1,70,,3471,24,,,1,30,,3459,24,,,1,70,,3472,24,,,1
43100,'Weekday-33',601,,3500,12,,,1,30,,3474,24,,,1,70,,3487,24,,,1,30,,3475,24,,,1,70,,3488,24,,,1,30,,3476,24,,,1,70,,3489,24,,,1,30,,3477,24,,,1,70,,3490,24,,,1,30,,3478,24,,,1,70,,3491,24,,,1,30,,3479,24,,,1,70,,3492,24,,,1,30,,3480,24,,,1,70,,3493,24,,,1,30,,3481,24,,,1,70,,3494,24,,,1,30,,3482,24,,,1,70,,3495,24,,,1,30,,3483,24,,,1,70,,3496,24,,,1,30,,3484,24,,,1,70,,3497,24,,,1,30,,3485,24,,,1,70,,3498,24,,,1,30,,3486,24,,,1,70,,3499,24,,,1
44000,'Weekday-32',1421,,3879,1,0,10 11,1
44000,'Weekday-33',1521,,3907,1,0,10 11,1
44200,'Weekday-32',1421,,4124,1,0,10 11,1
44200,'Weekday-33',1521,,4152,1,0,10 11,1
44300,'Weekday-32',1421,,4288,1,0,10 11,1
44300,'Weekday-33',1521,,4316,1,0,10 11,1
45100,'Weekday-32',1421,,4614,1,0,15 10 11,1
45100,'Weekday-33',1521,,4642,1,0,15 10 11,1
1043300,'Weekday-32',811,,4725,33,4,,1
1043300,'Weekday-33',811,,4727,33,4,,1
