44200,'Weekday-13',617,,1881,2,0,14,1,30,,1896,2,0,14,1,70,,1882,2,0,14,1,30,,1897,2,0,14,1,70,,1883,2,0,14,1,30,,1898,2,0,14,1,70,,1884,2,0,14,1,30,,1899,2,0,14,1,70,,1885,2,0,14,1,30,,1900,2,0,14,1,70,,1886,2,0,14,1,30,,1901,2,0,14,1,70,,1887,2,0,14,1,30,,1902,2,0,14,1,70,,1888,2,0,14,1,30,,1903,2,0,14,1,70,,1889,2,0,14,1,30,,1904,2,0,14,1,70,,1890,2,0,14,1,13,,1908,5,0,10 11,1,17,,1905,2,0,14,1,70,,1891,2,0,14,1,30,,1906,2,0,14,1,70,,1892,2,0,14,1,30,,1907,2,0,14,1,70,,1893,2,0,14,1,30,,1894,2,0,14,1
44200,'Weekday-15',617,,1909,2,0,14,1,30,,1924,2,0,14,1,70,,1910,2,0,14,1,30,,1925,2,0,14,1,70,,1911,2,0,14,1,30,,1926,2,0,14,1,70,,1912,2,0,14,1,30,,1927,2,0,14,1,70,,1913,2,0,14,1,30,,1928,2,0,14,1,70,,1914,2,0,14,1,30,,1929,2,0,14,1,70,,1915,2,0,14,1,30,,1930,2,0,14,1,70,,1916,2,0,14,1,30,,1931,2,0,14,1,70,,1917,2,0,14,1,30,,1932,2,0,14,1,70,,1918,2,0,14,1,30,,1933,2,0,14,1,70,,1919,2,0,14,1,30,,1934,2,0,14,1,70,,1920,2,0,14,1,30,,1935,2,0,14,1,70,,1921,2,0,14,1,30,,1922,2,0,14,1
44200,'Weekday-16',617,,1937,2,0,14,1,30,,1952,2,0,14,1,70,,1938,2,0,14,1,30,,1953,2,0,14,1,70,,1939,2,0,14,1,30,,1954,2,0,14,1,70,,1940,2,0,14,1,30,,1955,2,0,14,1,70,,1941,2,0,14,1,30,,1956,2,0,14,1,70,,1942,2,0,14,1,30,,1957,2,0,14,1,70,,1943,2,0,14,1,30,,1958,2,0,14,1,70,,1944,2,0,14,1,30,,1959,2,0,14,1,70,,1945,2,0,14,1,13,,1936,5,0,10 11,1,17,,1960,2,0,14,1,70,,1946,2,0,14,1,30,,1961,2,0,14,1,70,,1947,2,0,14,1,30,,1962,2,0,14,1,70,,1948,2,0,14,1,30,,1963,2,0,14,1,70,,1949,2,0,14,1,30,,1950,2,0,14,1
44300,'Weekday-13',617,,1964,2,,,1,30,,1977,2,,,1,70,,1965,2,,,1,30,,1978,2,,,1,70,,1966,2,,,1,30,,1979,2,,,1,70,,1967,2,,,1,30,,1980,2,,,1,70,,1968,2,,,1,30,,1981,2,,,1,70,,1969,2,,,1,30,,1982,2,,,1,70,,1970,2,,,1,30,,1983,2,,,1,70,,1971,2,,,1,30,,1984,2,,,1,70,,1972,2,,,1,30,,1985,2,,,1,70,,1973,2,,,1,11,,1991,5,0,10 11,1,19,,1986,2,,,1,70,,1974,2,,,1,30,,1987,2,,,1,70,,1975,2,,,1,30,,1988,2,,,1,70,,1976,2,,,1,30,,1990,2,0,12,1
44300,'Weekday-15',617,,1992,2,,,1,30,,2005,2,,,1,70,,1993,2,,,1,30,,2006,2,,,1,70,,1994,2,,,1,30,,2007,2,,,1,70,,1995,2,,,1,30,,2008,2,,,1,70,,1996,2,,,1,30,,2009,2,,,1,70,,1997,2,,,1,30,,2010,2,,,1,70,,1998,2,,,1,30,,2011,2,,,1,70,,1999,2,,,1,30,,2012,2,,,1,70,,2000,2,,,1,30,,2013,2,,,1,70,,2001,2,,,1,30,,2014,2,,,1,70,,2002,2,,,1,30,,2015,2,,,1,70,,2003,2,,,1,30,,2016,2,,,1,70,,2004,2,,,1,30,,2018,2,0,12,1
44300,'Weekday-16',617,,2020,2,,,1,30,,2033,2,,,1,70,,2021,2,,,1,30,,2034,2,,,1,70,,2022,2,,,1,30,,2035,2,,,1,70,,2023,2,,,1,30,,2036,2,,,1,70,,2024,2,,,1,30,,2037,2,,,1,70,,2025,2,,,1,30,,2038,2,,,1,70,,2026,2,,,1,30,,2039,2,,,1,70,,2027,2,,,1,30,,2040,2,,,1,70,,2028,2,,,1,11,,2019,5,0,10 11,1,19,,2041,2,,,1,70,,2029,2,,,1,30,,2042,2,,,1,70,,2030,2,,,1,30,,2043,2,,,1,70,,2031,2,,,1,30,,2044,2,,,1,70,,2032,2,,,1,30,,2046,2,0,12,1
45000,'Weekday-13',620,,2210,6,,,1,30,,2223,6,,,1,70,,2211,6,,,1,30,,2224,6,,,1,70,,2212,6,,,1,30,,2225,6,,,1,70,,2213,6,,,1,30,,2226,6,,,1,70,,2214,6,,,1,30,,2227,6,,,1,70,,2215,6,,,1,30,,2228,6,,,1,70,,2216,6,,,1,30,,2229,6,,,1,70,,2217,6,,,1,30,,2230,6,,,1,70,,2218,6,,,1,30,,2231,6,,,1,70,,2219,6,,,1,30,,2232,6,,,1,70,,2220,6,,,1,30,,2233,6,,,1,70,,2221,6,,,1,30,,2234,6,,,1,70,,2222,6,,,1,30,,2235,6,,,1
45000,'Weekday-15',620,,2237,6,,,1,30,,2250,6,,,1,70,,2238,6,,,1,30,,2251,6,,,1,70,,2239,6,,,1,30,,2252,6,,,1,70,,2240,6,,,1,30,,2253,6,,,1,70,,2241,6,,,1,30,,2254,6,,,1,70,,2242,6,,,1,30,,2255,6,,,1,70,,2243,6,,,1,30,,2256,6,,,1,70,,2244,6,,,1,30,,2257,6,,,1,70,,2245,6,,,1,30,,2258,6,,,1,70,,2246,6,,,1,30,,2259,6,,,1,70,,2247,6,,,1,30,,2260,6,,,1,70,,2248,6,,,1,30,,2261,6,,,1,70,,2249,6,,,1,30,,2262,6,,,1
45000,'Weekday-16',620,,2264,6,,,1,30,,2277,6,,,1,70,,2265,6,,,1,30,,2278,6,,,1,70,,2266,6,,,1,30,,2279,6,,,1,70,,2267,6,,,1,30,,2280,6,,,1,70,,2268,6,,,1,30,,2281,6,,,1,70,,2269,6,,,1,30,,2282,6,,,1,70,,2270,6,,,1,30,,2283,6,,,1,70,,2271,6,,,1,30,,2284,6,,,1,70,,2272,6,,,1,30,,2285,6,,,1,70,,2273,6,,,1,30,,2286,6,,,1,70,,2274,6,,,1,30,,2287,6,,,1,70,,2275,6,,,1,30,,2288,6,,,1,70,,2276,6,,,1,30,,2289,6,,,1
45100,'Weekday-13',617,,2290,2,,,1,30,,2303,2,,,1,70,,2291,2,,,1,30,,2304,2,,,1,70,,2292,2,,,1,30,,2305,2,,,1,70,,2293,2,,,1,30,,2306,2,,,1,70,,2294,2,,,1,30,,2307,2,,,1,70,,2295,2,,,1,30,,2308,2,,,1,70,,2296,2,,,1,30,,2309,2,,,1,70,,2297,2,,,1,30,,2310,2,,,1,70,,2298,2,,,1,30,,2311,2,,,1,70,,2299,2,,,1,6,,2317,2,0,15 10 11,1,24,,2312,2,,,1,70,,2300,2,,,1,30,,2313,2,,,1,70,,2301,2,,,1,30,,2314,2,,,1,70,,2302,2,,,1,30,,2315,2,0,12,1
45100,'Weekday-15',617,,2318,2,,,1,30,,2331,2,,,1,70,,2319,2,,,1,30,,2332,2,,,1,70,,2320,2,,,1,30,,2333,2,,,1,70,,2321,2,,,1,30,,2334,2,,,1,70,,2322,2,,,1,30,,2335,2,,,1,70,,2323,2,,,1,30,,2336,2,,,1,70,,2324,2,,,1,30,,2337,2,,,1,70,,2325,2,,,1,30,,2338,2,,,1,70,,2326,2,,,1,30,,2339,2,,,1,70,,2327,2,,,1,30,,2340,2,,,1,70,,2328,2,,,1,30,,2341,2,,,1,70,,2329,2,,,1,30,,2342,2,,,1,70,,2330,2,,,1,30,,2343,2,0,12,1
45100,'Weekday-16',617,,2346,2,,,1,30,,2359,2,,,1,70,,2347,2,,,1,30,,2360,2,,,1,70,,2348,2,,,1,30,,2361,2,,,1,70,,2349,2,,,1,30,,2362,2,,,1,70,,2350,2,,,1,30,,2363,2,,,1,70,,2351,2,,,1,30,,2364,2,,,1,70,,2352,2,,,1,30,,2365,2,,,1,70,,2353,2,,,1,30,,2366,2,,,1,70,,2354,2,,,1,6,,2345,2,0,15 10 11,1,24,,2367,2,,,1,70,,2355,2,,,1,30,,2368,2,,,1,70,,2356,2,,,1,30,,2369,2,,,1,70,,2357,2,,,1,30,,2370,2,,,1,70,,2358,2,,,1,30,,2371,2,0,12,1
