41100,'Saturday-7',715,,274,,,1,100,,275,,,1,100,,276,,,1,100,,277,,,1,100,,278,,,1,100,,279,,,1,100,,280,,,1,100,,281,,,1,100,,282,,,1,100,,283,,,1,100,,284,,,1,100,,285,,,1,100,,286,,,1,100,,287,,,1,100,,288,,,1,100,,289,,,1,100,,290,,,1
41100,'Sunday-3',815,,291,,,1,100,,292,,,1,100,,293,,,1,100,,294,,,1,100,,295,,,1,100,,296,,,1,100,,297,,,1,100,,298,,,1,100,,299,,,1,100,,300,,,1,100,,301,,,1,100,,302,,,1
41100,'Weekday-12',545,,333,,,1,55,,310,,,1,15,,305,,,1,15,,330,,,1,15,,334,,,1,55,,343,,,1,15,,311,,,1,15,,306,,,1,15,,331,,,1,55,,335,,,1,15,,344,,,1,15,,312,,,1,15,,332,,,1,55,,307,,,1,15,,336,,,1,30,,313,,,1,70,,308,,,1,30,,337,,,1,70,,314,,,1,30,,320,,,1,70,,315,,,1,30,,341,,,1,70,,321,,,1,30,,316,,,1,70,,342,,,1,30,,322,,,1,70,,317,,,1,30,,303,,,1,70,,338,,,1,15,,318,,,1,15,,309,,,1,55,,304,,,1,15,,323,,,1,15,,339,,,1,15,,319,,,1,70,,324,,,1,30,,340,,,1,70,,325,,,1,100,,326,,,1,100,,327,,,1,100,,328,,,1,100,,329,,,1
41100,'Weekday-14',545,,347,,,1,55,,363,,,1,15,,352,,,1,15,,357,,,1,15,,348,,,1,55,,385,,,1,15,,364,,,1,15,,353,,,1,15,,358,,,1,55,,349,,,1,15,,386,,,1,15,,365,,,1,15,,359,,,1,55,,354,,,1,15,,350,,,1,30,,366,,,1,70,,355,,,1,30,,351,,,1,70,,367,,,1,30,,373,,,1,70,,368,,,1,30,,383,,,1,70,,374,,,1,30,,369,,,1,70,,384,,,1,30,,375,,,1,70,,370,,,1,30,,345,,,1,70,,360,,,1,15,,371,,,1,15,,356,,,1,55,,346,,,1,15,,376,,,1,15,,361,,,1,15,,372,,,1,70,,377,,,1,30,,362,,,1,70,,378,,,1,100,,379,,,1,100,,380,,,1,100,,381,,,1,100,,382,,,1
41100,'Weekday-15',545,,389,,,1,55,,404,,,1,15,,394,,,1,15,,398,,,1,15,,390,,,1,55,,427,,,1,15,,405,,,1,15,,395,,,1,15,,399,,,1,55,,391,,,1,15,,428,,,1,15,,406,,,1,15,,400,,,1,55,,396,,,1,15,,392,,,1,30,,407,,,1,70,,397,,,1,30,,393,,,1,70,,408,,,1,30,,414,,,1,70,,409,,,1,30,,425,,,1,70,,415,,,1,30,,410,,,1,70,,426,,,1,30,,416,,,1,70,,411,,,1,30,,387,,,1,70,,401,,,1,15,,412,,,1,15,,424,,,1,55,,388,,,1,15,,417,,,1,15,,402,,,1,15,,413,,,1,70,,418,,,1,30,,403,,,1,70,,419,,,1,100,,420,,,1,100,,421,,,1,100,,422,,,1,100,,423,,,1
41101,'Saturday-7',810,,429,4,,1,100,,430,4,,1,100,,431,4,,1,100,,432,4,,1,100,,433,4,,1,100,,434,4,,1,100,,435,4,,1,100,,436,4,,1,100,,437,4,,1,100,,438,4,,1,100,,439,4,,1,100,,440,4,,1,100,,441,4,,1,100,,442,4,,1,100,,443,4,,1,100,,444,4,,1,100,,445,4,,1
41101,'Sunday-3',910,,446,4,,1,100,,447,4,,1,100,,448,4,,1,100,,449,4,,1,100,,450,4,,1,100,,451,4,,1,100,,452,4,,1,100,,453,4,,1,100,,454,4,,1,100,,455,4,,1,100,,456,4,,1,100,,457,4,,1
41101,'Weekday-12',640,,495,4,,1,70,,465,4,,1,15,,460,4,,1,15,,484,4,,1,15,,485,4,,1,55,,496,4,,1,15,,466,4,,1,15,,461,4,,1,70,,486,4,,1,30,,467,4,,1,69,,462,4,,1,30,,487,4,,1,71,,468,4,,1,30,,473,4,,1,70,,488,4,,1,30,,492,4,,1,70,,474,4,,1,30,,469,4,,1,70,,493,4,,1,30,,475,4,,1,70,,470,4,,1,30,,494,4,,1,15,,476,4,,1,55,,489,4,,1,15,,471,4,,1,15,,463,4,,1,15,,458,4,,1,55,,477,4,,1,15,,490,4,,1,15,,472,4,,1,15,,464,4,,1,55,,459,4,,1,30,,491,4,,1,70,,479,4,,1,100,,480,4,,1,100,,481,4,,1,100,,482,4,,1,100,,483,4,,1,100,,478,4,,1
41101,'Weekday-14',640,,534,4,,1,70,,512,4,,1,15,,503,4,,1,15,,508,4,,1,15,,499,4,,1,55,,535,4,,1,15,,513,4,,1,15,,504,4,,1,70,,500,4,,1,30,,514,4,,1,69,,505,4,,1,30,,501,4,,1,71,,515,4,,1,30,,520,4,,1,70,,502,4,,1,30,,531,4,,1,70,,521,4,,1,30,,516,4,,1,70,,532,4,,1,30,,522,4,,1,70,,517,4,,1,30,,533,4,,1,15,,523,4,,1,55,,509,4,,1,15,,518,4,,1,15,,506,4,,1,15,,497,4,,1,55,,524,4,,1,15,,510,4,,1,15,,519,4,,1,15,,507,4,,1,55,,498,4,,1,30,,511,4,,1,70,,526,4,,1,100,,527,4,,1,100,,528,4,,1,100,,529,4,,1,100,,530,4,,1,100,,525,4,,1
41101,'Weekday-15',640,,573,4,,1,70,,549,4,,1,15,,542,4,,1,15,,545,4,,1,15,,538,4,,1,55,,574,4,,1,15,,550,4,,1,15,,543,4,,1,70,,539,4,,1,30,,551,4,,1,69,,544,4,,1,30,,540,4,,1,71,,552,4,,1,30,,557,4,,1,70,,541,4,,1,30,,570,4,,1,70,,558,4,,1,30,,553,4,,1,70,,571,4,,1,30,,559,4,,1,70,,554,4,,1,30,,572,4,,1,15,,560,4,,1,55,,546,4,,1,15,,555,4,,1,15,,568,4,,1,15,,536,4,,1,55,,561,4,,1,15,,547,4,,1,15,,556,4,,1,15,,569,4,,1,55,,537,4,,1,30,,548,4,,1,70,,563,4,,1,100,,564,4,,1,100,,565,4,,1,100,,566,4,,1,100,,567,4,,1,100,,562,4,,1
