442029,'Weekday-12',617,,1847,0,5 10 13,1,30,,1862,0,5 10 13,1,70,,1848,0,5 10 13,1,30,,1863,0,5 10 13,1,70,,1849,0,5 10 13,1,30,,1864,0,5 10 13,1,70,,1850,0,5 10 13,1,30,,1865,0,5 10 13,1,70,,1851,0,5 10 13,1,30,,1866,0,5 10 13,1,70,,1852,0,5 10 13,1,30,,1867,0,5 10 13,1,70,,1853,0,5 10 13,1,30,,1868,0,5 10 13,1,70,,1854,0,5 10 13,1,30,,1869,0,5 10 13,1,70,,1855,0,5 10 13,1,30,,1870,0,5 10 13,1,70,,1856,0,5 10 13,1,13,,1874,0,7 8,1,17,,1871,0,5 10 13,1,70,,1857,0,5 10 13,1,30,,1872,0,5 10 13,1,70,,1858,0,5 10 13,1,30,,1873,0,5 10 13,1,70,,1859,0,5 10 13,1,30,,1860,0,5 10 13,1
442029,'Weekday-14',617,,1875,0,5 10 13,1,30,,1890,0,5 10 13,1,70,,1876,0,5 10 13,1,30,,1891,0,5 10 13,1,70,,1877,0,5 10 13,1,30,,1892,0,5 10 13,1,70,,1878,0,5 10 13,1,30,,1893,0,5 10 13,1,70,,1879,0,5 10 13,1,30,,1894,0,5 10 13,1,70,,1880,0,5 10 13,1,30,,1895,0,5 10 13,1,70,,1881,0,5 10 13,1,30,,1896,0,5 10 13,1,70,,1882,0,5 10 13,1,30,,1897,0,5 10 13,1,70,,1883,0,5 10 13,1,30,,1898,0,5 10 13,1,70,,1884,0,5 10 13,1,30,,1899,0,5 10 13,1,70,,1885,0,5 10 13,1,30,,1900,0,5 10 13,1,70,,1886,0,5 10 13,1,30,,1901,0,5 10 13,1,70,,1887,0,5 10 13,1,30,,1888,0,5 10 13,1
442029,'Weekday-15',617,,1903,0,5 10 13,1,30,,1918,0,5 10 13,1,70,,1904,0,5 10 13,1,30,,1919,0,5 10 13,1,70,,1905,0,5 10 13,1,30,,1920,0,5 10 13,1,70,,1906,0,5 10 13,1,30,,1921,0,5 10 13,1,70,,1907,0,5 10 13,1,30,,1922,0,5 10 13,1,70,,1908,0,5 10 13,1,30,,1923,0,5 10 13,1,70,,1909,0,5 10 13,1,30,,1924,0,5 10 13,1,70,,1910,0,5 10 13,1,30,,1925,0,5 10 13,1,70,,1911,0,5 10 13,1,13,,1902,0,7 8,1,17,,1926,0,5 10 13,1,70,,1912,0,5 10 13,1,30,,1927,0,5 10 13,1,70,,1913,0,5 10 13,1,30,,1928,0,5 10 13,1,70,,1914,0,5 10 13,1,30,,1929,0,5 10 13,1,70,,1915,0,5 10 13,1,30,,1916,0,5 10 13,1
44300,'Weekday-12',617,,1930,,,1,30,,1943,,,1,70,,1931,,,1,30,,1944,,,1,70,,1932,,,1,30,,1945,,,1,70,,1933,,,1,30,,1946,,,1,70,,1934,,,1,30,,1947,,,1,70,,1935,,,1,30,,1948,,,1,70,,1936,,,1,30,,1949,,,1,70,,1937,,,1,30,,1950,,,1,70,,1938,,,1,30,,1951,,,1,70,,1939,,,1,11,,1957,0,7 8,1,19,,1952,,,1,70,,1940,,,1,30,,1953,,,1,70,,1941,,,1,30,,1954,,,1,70,,1942,,,1,30,,1956,0,9 10 11 12 10 5,1
44300,'Weekday-14',617,,1958,,,1,30,,1971,,,1,70,,1959,,,1,30,,1972,,,1,70,,1960,,,1,30,,1973,,,1,70,,1961,,,1,30,,1974,,,1,70,,1962,,,1,30,,1975,,,1,70,,1963,,,1,30,,1976,,,1,70,,1964,,,1,30,,1977,,,1,70,,1965,,,1,30,,1978,,,1,70,,1966,,,1,30,,1979,,,1,70,,1967,,,1,30,,1980,,,1,70,,1968,,,1,30,,1981,,,1,70,,1969,,,1,30,,1982,,,1,70,,1970,,,1,30,,1984,0,9 10 11 12 10 5,1
44300,'Weekday-15',617,,1986,,,1,30,,1999,,,1,70,,1987,,,1,30,,2000,,,1,70,,1988,,,1,30,,2001,,,1,70,,1989,,,1,30,,2002,,,1,70,,1990,,,1,30,,2003,,,1,70,,1991,,,1,30,,2004,,,1,70,,1992,,,1,30,,2005,,,1,70,,1993,,,1,30,,2006,,,1,70,,1994,,,1,11,,1985,0,7 8,1,19,,2007,,,1,70,,1995,,,1,30,,2008,,,1,70,,1996,,,1,30,,2009,,,1,70,,1997,,,1,30,,2010,,,1,70,,1998,,,1,30,,2012,0,9 10 11 12 10 5,1
450029,'Weekday-12',620,,2176,,,1,30,,2189,,,1,70,,2177,,,1,30,,2190,,,1,70,,2178,,,1,30,,2191,,,1,70,,2179,,,1,30,,2192,,,1,70,,2180,,,1,30,,2193,,,1,70,,2181,,,1,30,,2194,,,1,70,,2182,,,1,30,,2195,,,1,70,,2183,,,1,30,,2196,,,1,70,,2184,,,1,30,,2197,,,1,70,,2185,,,1,30,,2198,,,1,70,,2186,,,1,30,,2199,,,1,70,,2187,,,1,30,,2200,,,1,70,,2188,,,1,30,,2201,,,1
450029,'Weekday-14',620,,2203,,,1,30,,2216,,,1,70,,2204,,,1,30,,2217,,,1,70,,2205,,,1,30,,2218,,,1,70,,2206,,,1,30,,2219,,,1,70,,2207,,,1,30,,2220,,,1,70,,2208,,,1,30,,2221,,,1,70,,2209,,,1,30,,2222,,,1,70,,2210,,,1,30,,2223,,,1,70,,2211,,,1,30,,2224,,,1,70,,2212,,,1,30,,2225,,,1,70,,2213,,,1,30,,2226,,,1,70,,2214,,,1,30,,2227,,,1,70,,2215,,,1,30,,2228,,,1
450029,'Weekday-15',620,,2230,,,1,30,,2243,,,1,70,,2231,,,1,30,,2244,,,1,70,,2232,,,1,30,,2245,,,1,70,,2233,,,1,30,,2246,,,1,70,,2234,,,1,30,,2247,,,1,70,,2235,,,1,30,,2248,,,1,70,,2236,,,1,30,,2249,,,1,70,,2237,,,1,30,,2250,,,1,70,,2238,,,1,30,,2251,,,1,70,,2239,,,1,30,,2252,,,1,70,,2240,,,1,30,,2253,,,1,70,,2241,,,1,30,,2254,,,1,70,,2242,,,1,30,,2255,,,1
45100,'Weekday-12',617,,2256,,,1,30,,2269,,,1,70,,2257,,,1,30,,2270,,,1,70,,2258,,,1,30,,2271,,,1,70,,2259,,,1,30,,2272,,,1,70,,2260,,,1,30,,2273,,,1,70,,2261,,,1,30,,2274,,,1,70,,2262,,,1,30,,2275,,,1,70,,2263,,,1,30,,2276,,,1,70,,2264,,,1,30,,2277,,,1,70,,2265,,,1,6,,2283,0,20 7 8,1,24,,2278,,,1,70,,2266,,,1,30,,2279,,,1,70,,2267,,,1,30,,2280,,,1,70,,2268,,,1,30,,2281,0,9 10 21 22 10 5,1
45100,'Weekday-14',617,,2284,,,1,30,,2297,,,1,70,,2285,,,1,30,,2298,,,1,70,,2286,,,1,30,,2299,,,1,70,,2287,,,1,30,,2300,,,1,70,,2288,,,1,30,,2301,,,1,70,,2289,,,1,30,,2302,,,1,70,,2290,,,1,30,,2303,,,1,70,,2291,,,1,30,,2304,,,1,70,,2292,,,1,30,,2305,,,1,70,,2293,,,1,30,,2306,,,1,70,,2294,,,1,30,,2307,,,1,70,,2295,,,1,30,,2308,,,1,70,,2296,,,1,30,,2309,0,9 10 21 22 10 5,1
45100,'Weekday-15',617,,2311,,,1,30,,2324,,,1,70,,2312,,,1,30,,2325,,,1,70,,2313,,,1,30,,2326,,,1,70,,2314,,,1,30,,2327,,,1,70,,2315,,,1,30,,2328,,,1,70,,2316,,,1,30,,2329,,,1,70,,2317,,,1,30,,2330,,,1,70,,2318,,,1,30,,2331,,,1,70,,2319,,,1,6,,2338,0,20 7 8,1,24,,2332,,,1,70,,2320,,,1,30,,2333,,,1,70,,2321,,,1,30,,2334,,,1,70,,2322,,,1,30,,2335,,,1,70,,2323,,,1,30,,2336,0,9 10 21 22 10 5,1
