43100,'Weekday-30',601,,3480,12,,,1,30,,3454,24,,,1,70,,3467,24,,,1,30,,3455,24,,,1,70,,3468,24,,,1,30,,3456,24,,,1,70,,3469,24,,,1,30,,3457,24,,,1,70,,3470,24,,,1,30,,3458,24,,,1,70,,3471,24,,,1,30,,3459,24,,,1,70,,3472,24,,,1,30,,3460,24,,,1,70,,3473,24,,,1,30,,3461,24,,,1,70,,3474,24,,,1,30,,3462,24,,,1,70,,3475,24,,,1,30,,3463,24,,,1,70,,3476,24,,,1,30,,3464,24,,,1,70,,3477,24,,,1,30,,3465,24,,,1,70,,3478,24,,,1,30,,3466,24,,,1,70,,3479,24,,,1
43100,'Weekday-32',601,,3507,12,,,1,30,,3481,24,,,1,70,,3494,24,,,1,30,,3482,24,,,1,70,,3495,24,,,1,30,,3483,24,,,1,70,,3496,24,,,1,30,,3484,24,,,1,70,,3497,24,,,1,30,,3485,24,,,1,70,,3498,24,,,1,30,,3486,24,,,1,70,,3499,24,,,1,30,,3487,24,,,1,70,,3500,24,,,1,30,,3488,24,,,1,70,,3501,24,,,1,30,,3489,24,,,1,70,,3502,24,,,1,30,,3490,24,,,1,70,,3503,24,,,1,30,,3491,24,,,1,70,,3504,24,,,1,30,,3492,24,,,1,70,,3505,24,,,1,30,,3493,24,,,1,70,,3506,24,,,1
43100,'Weekday-33',601,,3534,12,,,1,30,,3508,24,,,1,70,,3521,24,,,1,30,,3509,24,,,1,70,,3522,24,,,1,30,,3510,24,,,1,70,,3523,24,,,1,30,,3511,24,,,1,70,,3524,24,,,1,30,,3512,24,,,1,70,,3525,24,,,1,30,,3513,24,,,1,70,,3526,24,,,1,30,,3514,24,,,1,70,,3527,24,,,1,30,,3515,24,,,1,70,,3528,24,,,1,30,,3516,24,,,1,70,,3529,24,,,1,30,,3517,24,,,1,70,,3530,24,,,1,30,,3518,24,,,1,70,,3531,24,,,1,30,,3519,24,,,1,70,,3532,24,,,1,30,,3520,24,,,1,70,,3533,24,,,1
44000,'Weekday-32',1421,,3913,1,0,10 11,1
44000,'Weekday-33',1521,,3941,1,0,10 11,1
44200,'Weekday-32',1421,,4158,1,0,10 11,1
44200,'Weekday-33',1521,,4186,1,0,10 11,1
44300,'Weekday-32',1421,,4322,1,0,10 11,1
44300,'Weekday-33',1521,,4350,1,0,10 11,1
45100,'Weekday-32',1421,,4648,1,0,15 10 11,1
45100,'Weekday-33',1521,,4676,1,0,15 10 11,1
1043300,'Weekday-32',811,,4759,33,4,,1
1043300,'Weekday-33',811,,4761,33,4,,1
