43000,'Weekday-32',608,,3412,23,,,1,30,,3401,34,,,1,70,,3414,34,,,1,30,,3402,34,,,1,70,,3415,34,,,1,30,,3403,34,,,1,70,,3416,34,,,1,30,,3404,34,,,1,70,,3417,34,,,1,30,,3405,34,,,1,70,,3418,34,,,1,30,,3406,34,,,1,70,,3419,34,,,1,30,,3407,34,,,1,70,,3420,34,,,1,30,,3408,34,,,1,70,,3421,34,,,1,30,,3409,34,,,1,70,,3422,34,,,1,30,,3410,34,,,1,70,,3423,34,,,1,30,,3400,34,,,1,70,,3411,34,,,1,30,,3398,34,,,1,70,,3413,34,,,1,30,,3399,34,,,1
43000,'Weekday-33',608,,3440,23,,,1,30,,3429,34,,,1,70,,3442,34,,,1,30,,3430,34,,,1,70,,3443,34,,,1,30,,3431,34,,,1,70,,3444,34,,,1,30,,3432,34,,,1,70,,3445,34,,,1,30,,3433,34,,,1,70,,3446,34,,,1,30,,3434,34,,,1,70,,3447,34,,,1,30,,3435,34,,,1,70,,3448,34,,,1,30,,3436,34,,,1,70,,3449,34,,,1,30,,3437,34,,,1,70,,3450,34,,,1,30,,3438,34,,,1,70,,3451,34,,,1,30,,3428,34,,,1,70,,3439,34,,,1,30,,3426,34,,,1,70,,3441,34,,,1,30,,3427,34,,,1
43100,'Weekday-32',608,,3507,18,,,1,30,,3481,30,,,1,70,,3494,30,,,1,30,,3482,30,,,1,70,,3495,30,,,1,30,,3483,30,,,1,70,,3496,30,,,1,30,,3484,30,,,1,70,,3497,30,,,1,30,,3485,30,,,1,70,,3498,30,,,1,30,,3486,30,,,1,70,,3499,30,,,1,30,,3487,30,,,1,70,,3500,30,,,1,30,,3488,30,,,1,70,,3501,30,,,1,30,,3489,30,,,1,70,,3502,30,,,1,30,,3490,30,,,1,70,,3503,30,,,1,30,,3491,30,,,1,70,,3504,30,,,1,30,,3492,30,,,1,70,,3505,30,,,1,30,,3493,30,,,1,70,,3506,30,,,1
43100,'Weekday-33',608,,3534,18,,,1,30,,3508,30,,,1,70,,3521,30,,,1,30,,3509,30,,,1,70,,3522,30,,,1,30,,3510,30,,,1,70,,3523,30,,,1,30,,3511,30,,,1,70,,3524,30,,,1,30,,3512,30,,,1,70,,3525,30,,,1,30,,3513,30,,,1,70,,3526,30,,,1,30,,3514,30,,,1,70,,3527,30,,,1,30,,3515,30,,,1,70,,3528,30,,,1,30,,3516,30,,,1,70,,3529,30,,,1,30,,3517,30,,,1,70,,3530,30,,,1,30,,3518,30,,,1,70,,3531,30,,,1,30,,3519,30,,,1,70,,3532,30,,,1,30,,3520,30,,,1,70,,3533,30,,,1
43201,'Weekday-32',608,,3643,11,,,1,30,,3657,11,,,1,70,,3644,11,,,1,30,,3658,11,,,1,70,,3645,11,,,1,30,,3659,11,,,1,70,,3646,11,,,1,30,,3660,11,,,1,70,,3647,11,,,1,30,,3661,11,,,1,70,,3648,11,,,1,30,,3662,11,,,1,70,,3649,11,,,1,30,,3663,11,,,1,70,,3650,11,,,1,30,,3664,11,,,1,70,,3651,11,,,1,30,,3665,11,,,1,70,,3652,11,,,1,30,,3666,11,,,1,70,,3653,11,,,1,30,,3667,11,,,1,70,,3654,11,,,1,30,,3668,11,,,1,70,,3655,11,,,1,30,,3669,11,,,1,70,,3656,11,,,1
43201,'Weekday-33',608,,3670,11,,,1,30,,3684,11,,,1,70,,3671,11,,,1,30,,3685,11,,,1,70,,3672,11,,,1,30,,3686,11,,,1,70,,3673,11,,,1,30,,3687,11,,,1,70,,3674,11,,,1,30,,3688,11,,,1,70,,3675,11,,,1,30,,3689,11,,,1,70,,3676,11,,,1,30,,3690,11,,,1,70,,3677,11,,,1,30,,3691,11,,,1,70,,3678,11,,,1,30,,3692,11,,,1,70,,3679,11,,,1,30,,3693,11,,,1,70,,3680,11,,,1,30,,3694,11,,,1,70,,3681,11,,,1,30,,3695,11,,,1,70,,3682,11,,,1,30,,3696,11,,,1,70,,3683,11,,,1
43301,'Weekday-32',608,,3809,11,,,1,30,,3819,11,,,1,70,,3816,11,,,1,30,,3820,11,,,1,70,,3817,11,,,1,30,,3821,11,,,1,70,,3812,11,,,1,30,,3822,11,,,1,70,,3808,11,,,1,30,,3823,11,,,1,70,,3811,11,,,1,30,,3824,11,,,1,70,,3813,11,,,1,30,,3825,11,,,1,70,,3810,11,,,1,30,,3826,11,,,1,70,,3807,11,,,1,30,,3827,11,,,1,70,,3815,11,,,1,30,,3828,11,,,1,70,,3806,11,,,1,30,,3829,11,,,1,70,,3814,11,,,1,30,,3830,11,,,1,70,,3805,11,,,1,30,,3831,11,,,1,70,,3818,11,,,1
43301,'Weekday-33',608,,3836,11,,,1,30,,3846,11,,,1,70,,3843,11,,,1,30,,3847,11,,,1,70,,3844,11,,,1,30,,3848,11,,,1,70,,3839,11,,,1,30,,3849,11,,,1,70,,3835,11,,,1,30,,3850,11,,,1,70,,3838,11,,,1,30,,3851,11,,,1,70,,3840,11,,,1,30,,3852,11,,,1,70,,3837,11,,,1,30,,3853,11,,,1,70,,3834,11,,,1,30,,3854,11,,,1,70,,3842,11,,,1,30,,3855,11,,,1,70,,3833,11,,,1,30,,3856,11,,,1,70,,3841,11,,,1,30,,3857,11,,,1,70,,3832,11,,,1,30,,3858,11,,,1,70,,3845,11,,,1
45001,'Weekday-32',608,,4552,11,,,1,30,,4540,11,,,1,70,,4554,11,,,1,30,,4541,11,,,1,70,,4555,11,,,1,30,,4542,11,,,1,70,,4556,11,,,1,30,,4543,11,,,1,70,,4557,11,,,1,30,,4553,11,,,1,70,,4558,11,,,1,30,,4544,11,,,1,70,,4559,11,,,1,30,,4545,11,,,1,70,,4560,11,,,1,30,,4546,11,,,1,70,,4561,11,,,1,30,,4547,11,,,1,70,,4562,11,,,1,30,,4548,11,,,1,70,,4563,11,,,1,30,,4549,11,,,1,70,,4564,11,,,1,30,,4550,11,,,1,70,,4565,11,,,1,30,,4551,11,,,1,70,,4566,11,,,1
45001,'Weekday-33',608,,4579,11,,,1,30,,4567,11,,,1,70,,4581,11,,,1,30,,4568,11,,,1,70,,4582,11,,,1,30,,4569,11,,,1,70,,4583,11,,,1,30,,4570,11,,,1,70,,4584,11,,,1,30,,4580,11,,,1,70,,4585,11,,,1,30,,4571,11,,,1,70,,4586,11,,,1,30,,4572,11,,,1,70,,4587,11,,,1,30,,4573,11,,,1,70,,4588,11,,,1,30,,4574,11,,,1,70,,4589,11,,,1,30,,4575,11,,,1,70,,4590,11,,,1,30,,4576,11,,,1,70,,4591,11,,,1,30,,4577,11,,,1,70,,4592,11,,,1,30,,4578,11,,,1,70,,4593,11,,,1
