442019,'Weekday-13',605,,4255,0,5 10 13,1,30,,4234,0,5 10 13,1,70,,4242,0,5 10 13,1,30,,4235,0,5 10 13,1,70,,4243,0,5 10 13,1,30,,4236,0,5 10 13,1,70,,4244,0,5 10 13,1,30,,4237,0,5 10 13,1,70,,4245,0,5 10 13,1,30,,4238,0,5 10 13,1,70,,4246,0,5 10 13,1,30,,4239,0,5 10 13,1,70,,4247,0,5 10 13,1,30,,4240,0,5 10 13,1,70,,4248,0,5 10 13,1,30,,4232,0,5 10 13,1,70,,4249,0,5 10 13,1,30,,4233,0,5 10 13,1,70,,4250,0,5 10 13,1,30,,4241,0,5 10 13,1,70,,4251,0,5 10 13,1,30,,4229,0,5 10 13,1,70,,4252,0,5 10 13,1,30,,4230,0,5 10 13,1,70,,4253,0,5 10 13,1,30,,4231,0,5 10 13,1,70,,4254,0,5 10 13,1
442019,'Weekday-15',605,,4282,0,5 10 13,1,30,,4261,0,5 10 13,1,70,,4269,0,5 10 13,1,30,,4262,0,5 10 13,1,70,,4270,0,5 10 13,1,30,,4263,0,5 10 13,1,70,,4271,0,5 10 13,1,30,,4264,0,5 10 13,1,70,,4272,0,5 10 13,1,30,,4265,0,5 10 13,1,70,,4273,0,5 10 13,1,30,,4266,0,5 10 13,1,70,,4274,0,5 10 13,1,30,,4267,0,5 10 13,1,70,,4275,0,5 10 13,1,30,,4259,0,5 10 13,1,70,,4276,0,5 10 13,1,30,,4260,0,5 10 13,1,70,,4277,0,5 10 13,1,30,,4268,0,5 10 13,1,70,,4278,0,5 10 13,1,30,,4256,0,5 10 13,1,70,,4279,0,5 10 13,1,30,,4257,0,5 10 13,1,70,,4280,0,5 10 13,1,30,,4258,0,5 10 13,1,70,,4281,0,5 10 13,1
442019,'Weekday-16',605,,4309,0,5 10 13,1,30,,4288,0,5 10 13,1,70,,4296,0,5 10 13,1,30,,4289,0,5 10 13,1,70,,4297,0,5 10 13,1,30,,4290,0,5 10 13,1,70,,4298,0,5 10 13,1,30,,4291,0,5 10 13,1,70,,4299,0,5 10 13,1,30,,4292,0,5 10 13,1,70,,4300,0,5 10 13,1,30,,4293,0,5 10 13,1,70,,4301,0,5 10 13,1,30,,4294,0,5 10 13,1,70,,4302,0,5 10 13,1,30,,4286,0,5 10 13,1,70,,4303,0,5 10 13,1,30,,4287,0,5 10 13,1,70,,4304,0,5 10 13,1,30,,4295,0,5 10 13,1,70,,4305,0,5 10 13,1,30,,4283,0,5 10 13,1,70,,4306,0,5 10 13,1,30,,4284,0,5 10 13,1,70,,4307,0,5 10 13,1,30,,4285,0,5 10 13,1,70,,4308,0,5 10 13,1
44301,'Weekday-13',605,,4489,0,5,1,30,,4490,,,1,70,,4476,,,1,30,,4491,,,1,70,,4477,,,1,30,,4492,,,1,70,,4478,,,1,30,,4493,,,1,70,,4479,,,1,30,,4494,,,1,70,,4480,,,1,30,,4495,,,1,70,,4481,,,1,30,,4496,,,1,70,,4482,,,1,30,,4497,,,1,70,,4483,,,1,30,,4498,,,1,70,,4484,,,1,30,,4499,,,1,70,,4485,,,1,30,,4500,,,1,70,,4486,,,1,30,,4501,,,1,70,,4487,,,1,30,,4502,,,1,70,,4488,,,1
44301,'Weekday-15',605,,4516,0,5,1,30,,4517,,,1,70,,4503,,,1,30,,4518,,,1,70,,4504,,,1,30,,4519,,,1,70,,4505,,,1,30,,4520,,,1,70,,4506,,,1,30,,4521,,,1,70,,4507,,,1,30,,4522,,,1,70,,4508,,,1,30,,4523,,,1,70,,4509,,,1,30,,4524,,,1,70,,4510,,,1,30,,4525,,,1,70,,4511,,,1,30,,4526,,,1,70,,4512,,,1,30,,4527,,,1,70,,4513,,,1,30,,4528,,,1,70,,4514,,,1,30,,4529,,,1,70,,4515,,,1
44301,'Weekday-16',605,,4543,0,5,1,30,,4544,,,1,70,,4530,,,1,30,,4545,,,1,70,,4531,,,1,30,,4546,,,1,70,,4532,,,1,30,,4547,,,1,70,,4533,,,1,30,,4548,,,1,70,,4534,,,1,30,,4549,,,1,70,,4535,,,1,30,,4550,,,1,70,,4536,,,1,30,,4551,,,1,70,,4537,,,1,30,,4552,,,1,70,,4538,,,1,30,,4553,,,1,70,,4539,,,1,30,,4554,,,1,70,,4540,,,1,30,,4555,,,1,70,,4541,,,1,30,,4556,,,1,70,,4542,,,1
450019,'Weekday-13',603,,4569,,,1,30,,4557,,,1,70,,4571,,,1,30,,4558,,,1,70,,4572,,,1,30,,4559,,,1,70,,4573,,,1,30,,4560,,,1,70,,4574,,,1,30,,4570,,,1,70,,4575,,,1,30,,4561,,,1,70,,4576,,,1,30,,4562,,,1,70,,4577,,,1,30,,4563,,,1,70,,4578,,,1,30,,4564,,,1,70,,4579,,,1,30,,4565,,,1,70,,4580,,,1,30,,4566,,,1,70,,4581,,,1,30,,4567,,,1,70,,4582,,,1,30,,4568,,,1,70,,4583,,,1
450019,'Weekday-15',603,,4596,,,1,30,,4584,,,1,70,,4598,,,1,30,,4585,,,1,70,,4599,,,1,30,,4586,,,1,70,,4600,,,1,30,,4587,,,1,70,,4601,,,1,30,,4597,,,1,70,,4602,,,1,30,,4588,,,1,70,,4603,,,1,30,,4589,,,1,70,,4604,,,1,30,,4590,,,1,70,,4605,,,1,30,,4591,,,1,70,,4606,,,1,30,,4592,,,1,70,,4607,,,1,30,,4593,,,1,70,,4608,,,1,30,,4594,,,1,70,,4609,,,1,30,,4595,,,1,70,,4610,,,1
450019,'Weekday-16',603,,4623,,,1,30,,4611,,,1,70,,4625,,,1,30,,4612,,,1,70,,4626,,,1,30,,4613,,,1,70,,4627,,,1,30,,4614,,,1,70,,4628,,,1,30,,4624,,,1,70,,4629,,,1,30,,4615,,,1,70,,4630,,,1,30,,4616,,,1,70,,4631,,,1,30,,4617,,,1,70,,4632,,,1,30,,4618,,,1,70,,4633,,,1,30,,4619,,,1,70,,4634,,,1,30,,4620,,,1,70,,4635,,,1,30,,4621,,,1,70,,4636,,,1,30,,4622,,,1,70,,4637,,,1
45101,'Weekday-13',605,,4815,,,1,30,,4816,,,1,70,,4802,,,1,30,,4817,,,1,70,,4803,,,1,30,,4818,,,1,70,,4804,,,1,30,,4819,,,1,70,,4805,,,1,30,,4820,,,1,70,,4806,,,1,30,,4821,,,1,70,,4807,,,1,30,,4822,,,1,70,,4808,,,1,30,,4823,,,1,70,,4809,,,1,30,,4824,,,1,70,,4810,,,1,30,,4825,,,1,70,,4811,,,1,30,,4826,,,1,70,,4812,,,1,30,,4827,,,1,70,,4813,,,1,30,,4828,,,1,70,,4814,,,1
45101,'Weekday-15',605,,4842,,,1,30,,4843,,,1,70,,4829,,,1,30,,4844,,,1,70,,4830,,,1,30,,4845,,,1,70,,4831,,,1,30,,4846,,,1,70,,4832,,,1,30,,4847,,,1,70,,4833,,,1,30,,4848,,,1,70,,4834,,,1,30,,4849,,,1,70,,4835,,,1,30,,4850,,,1,70,,4836,,,1,30,,4851,,,1,70,,4837,,,1,30,,4852,,,1,70,,4838,,,1,30,,4853,,,1,70,,4839,,,1,30,,4854,,,1,70,,4840,,,1,30,,4855,,,1,70,,4841,,,1
45101,'Weekday-16',605,,4869,,,1,30,,4870,,,1,70,,4856,,,1,30,,4871,,,1,70,,4857,,,1,30,,4872,,,1,70,,4858,,,1,30,,4873,,,1,70,,4859,,,1,30,,4874,,,1,70,,4860,,,1,30,,4875,,,1,70,,4861,,,1,30,,4876,,,1,70,,4862,,,1,30,,4877,,,1,70,,4863,,,1,30,,4878,,,1,70,,4864,,,1,30,,4879,,,1,70,,4865,,,1,30,,4880,,,1,70,,4866,,,1,30,,4881,,,1,70,,4867,,,1,30,,4882,,,1,70,,4868,,,1
