'Blocking-Weekday-10-SCT-MDW25-1111100',41500,72700,4,'',1,11500,4,'',1,17000,4,'',1,13000,4,'',1,18200,4,'',1,18500,4,'',1,11500,4,'',1,20000,4,'',1
'Blocking-Weekday-10-SCT-MDW25-1111100',41501,72900,,'',1,11500,,'',1,17000,,'',1,13000,,'',1,18200,,'',1,18500,,'',1,11500,,'',1,20000,,'',1
'Blocking-Weekday-13-SCT-MDW25-1111100',41500,72700,4,'',1,11500,4,'',1,17000,4,'',1,13000,4,'',1,18200,4,'',1,18500,4,'',1,11500,4,'',1,20000,4,'',1
'Blocking-Weekday-13-SCT-MDW25-1111100',41501,72900,,'',1,11500,,'',1,17000,,'',1,13000,,'',1,18200,,'',1,18500,,'',1,11500,,'',1,20000,,'',1
'Blocking-Weekday-14-SCT-MDW25-1111100',41500,72700,4,'',1,11500,4,'',1,17000,4,'',1,13000,4,'',1,18200,4,'',1,18500,4,'',1,11500,4,'',1,20000,4,'',1
'Blocking-Weekday-14-SCT-MDW25-1111100',41501,72900,,'',1,11500,,'',1,17000,,'',1,13000,,'',1,18200,,'',1,18500,,'',1,11500,,'',1,20000,,'',1
'Blocking-Weekday-15-SCT-MDW25-1111100',41500,72700,4,'',1,11500,4,'',1,17000,4,'',1,13000,4,'',1,18200,4,'',1,18500,4,'',1,11500,4,'',1,20000,4,'',1
'Blocking-Weekday-15-SCT-MDW25-1111100',41501,72900,,'',1,11500,,'',1,17000,,'',1,13000,,'',1,18200,,'',1,18500,,'',1,11500,,'',1,20000,,'',1
'Blocking-Weekday-9-SCT-MDW25-1111100',41500,72700,4,'',1,11500,4,'',1,17000,4,'',1,13000,4,'',1,18200,4,'',1,18500,4,'',1,11500,4,'',1,20000,4,'',1
'Blocking-Weekday-9-SCT-MDW25-1111100',41501,72900,,'',1,11500,,'',1,17000,,'',1,13000,,'',1,18200,,'',1,18500,,'',1,11500,,'',1,20000,,'',1
