'Blocking-Weekday-20-SCT-SUM24-1111100',401029,62500,0,'''ORDZE''',1,3000,0,'''ORDZE''',1,7000,0,'''ORDZE''',1,3000,0,'''ORDZE''',1,7000,0,'''ORDZE''',1,3000,0,'''ORDZE''',1,7000,0,'''ORDZE''',1,3000,0,'''ORDZE''',1,10000,0,'''ORDZE''',1,10000,0,'''ORDZE''',1,10000,0,'''ORDZE''',1,10000,0,'''ORDZE''',1,10000,0,'''ORDZE''',1,10000,0,'''ORDZE''',1,7000,0,'''ORDZE''',1,3000,0,'''ORDZE''',1,7000,0,'''ORDZE''',1,3000,0,'''ORDZE''',1,7000,0,'''ORDZE''',1,3000,0,'''ORDZE''',1,7000,0,'''ORDZE''',1
'Blocking-Weekday-40-SCT-FAL24-1111100',401029,62500,0,'''ORDZE''',1,3000,0,'''ORDZE''',1,7000,0,'''ORDZE''',1,3000,0,'''ORDZE''',1,7000,0,'''ORDZE''',1,3000,0,'''ORDZE''',1,7000,0,'''ORDZE''',1,3000,0,'''ORDZE''',1,10000,0,'''ORDZE''',1,10000,0,'''ORDZE''',1,10000,0,'''ORDZE''',1,10000,0,'''ORDZE''',1,10000,0,'''ORDZE''',1,10000,0,'''ORDZE''',1,7000,0,'''ORDZE''',1,3000,0,'''ORDZE''',1,7000,0,'''ORDZE''',1,3000,0,'''ORDZE''',1,7000,0,'''ORDZE''',1,3000,0,'''ORDZE''',1,7000,0,'''ORDZE''',1
'Blocking-Weekday-44-SCT-FAL24-1111100',401029,62500,0,'''ORDZE''',1,3000,0,'''ORDZE''',1,7000,0,'''ORDZE''',1,3000,0,'''ORDZE''',1,7000,0,'''ORDZE''',1,3000,0,'''ORDZE''',1,7000,0,'''ORDZE''',1,3000,0,'''ORDZE''',1,10000,0,'''ORDZE''',1,10000,0,'''ORDZE''',1,10000,0,'''ORDZE''',1,10000,0,'''ORDZE''',1,10000,0,'''ORDZE''',1,10000,0,'''ORDZE''',1,7000,0,'''ORDZE''',1,3000,0,'''ORDZE''',1,7000,0,'''ORDZE''',1,3000,0,'''ORDZE''',1,7000,0,'''ORDZE''',1,3000,0,'''ORDZE''',1,7000,0,'''ORDZE''',1
'Blocking-Weekday-45-SCT-FAL24-1111100',401029,62500,0,'''ORDZE''',1,3000,0,'''ORDZE''',1,7000,0,'''ORDZE''',1,3000,0,'''ORDZE''',1,7000,0,'''ORDZE''',1,3000,0,'''ORDZE''',1,7000,0,'''ORDZE''',1,3000,0,'''ORDZE''',1,10000,0,'''ORDZE''',1,10000,0,'''ORDZE''',1,10000,0,'''ORDZE''',1,10000,0,'''ORDZE''',1,10000,0,'''ORDZE''',1,10000,0,'''ORDZE''',1,7000,0,'''ORDZE''',1,3000,0,'''ORDZE''',1,7000,0,'''ORDZE''',1,3000,0,'''ORDZE''',1,7000,0,'''ORDZE''',1,3000,0,'''ORDZE''',1,7000,0,'''ORDZE''',1
'Blocking-Weekday-20-SCT-SUM24-1111100',40301,165500,0,'''ORDZE''',1
'Blocking-Weekday-40-SCT-FAL24-1111100',40301,165500,0,'''ORDZE''',1
'Blocking-Weekday-44-SCT-FAL24-1111100',40301,165500,0,'''ORDZE''',1
'Blocking-Weekday-45-SCT-FAL24-1111100',40301,165500,0,'''ORDZE''',1
'Blocking-Weekday-20-SCT-SUM24-1111100',404019,65600,0,'''ORDZE''',1,7000,0,'''ORDZE''',1,3000,0,'''ORDZE''',1,7000,0,'''ORDZE''',1,3000,0,'''ORDZE''',1,7000,0,'''ORDZE''',1,3000,0,'''ORDZE''',1,7000,0,'''ORDZE''',1,10000,0,'''ORDZE''',1,10000,0,'''ORDZE''',1,9800,0,'''ORDZE''',1,10000,0,'''ORDZE''',1,9700,0,'''ORDZE''',1,3000,0,'''ORDZE''',1,7000,0,'''ORDZE''',1,3000,0,'''ORDZE''',1,7000,0,'''ORDZE''',1,3000,0,'''ORDZE''',1,7500,0,'''ORDZE''',1,3000,0,'''ORDZE''',1,7000,0,'''ORDZE''',1
'Blocking-Weekday-40-SCT-FAL24-1111100',404019,65600,0,'''ORDZE''',1,7000,0,'''ORDZE''',1,3000,0,'''ORDZE''',1,7000,0,'''ORDZE''',1,3000,0,'''ORDZE''',1,7000,0,'''ORDZE''',1,3000,0,'''ORDZE''',1,7000,0,'''ORDZE''',1,10000,0,'''ORDZE''',1,10000,0,'''ORDZE''',1,9800,0,'''ORDZE''',1,10000,0,'''ORDZE''',1,9700,0,'''ORDZE''',1,3000,0,'''ORDZE''',1,7000,0,'''ORDZE''',1,3200,0,'''ORDZE''',1,6800,0,'''ORDZE''',1,3200,0,'''ORDZE''',1,7300,0,'''ORDZE''',1,3000,0,'''ORDZE''',1,7000,0,'''ORDZE''',1
'Blocking-Weekday-44-SCT-FAL24-1111100',404019,65600,0,'''ORDZE''',1,7000,0,'''ORDZE''',1,3000,0,'''ORDZE''',1,7000,0,'''ORDZE''',1,3000,0,'''ORDZE''',1,7000,0,'''ORDZE''',1,3000,0,'''ORDZE''',1,7000,0,'''ORDZE''',1,10000,0,'''ORDZE''',1,10000,0,'''ORDZE''',1,9800,0,'''ORDZE''',1,10000,0,'''ORDZE''',1,9700,0,'''ORDZE''',1,3000,0,'''ORDZE''',1,7000,0,'''ORDZE''',1,3200,0,'''ORDZE''',1,6800,0,'''ORDZE''',1,3200,0,'''ORDZE''',1,7300,0,'''ORDZE''',1,3000,0,'''ORDZE''',1,7000,0,'''ORDZE''',1
'Blocking-Weekday-45-SCT-FAL24-1111100',404019,65600,0,'''ORDZE''',1,7000,0,'''ORDZE''',1,3000,0,'''ORDZE''',1,7000,0,'''ORDZE''',1,3000,0,'''ORDZE''',1,7000,0,'''ORDZE''',1,3000,0,'''ORDZE''',1,7000,0,'''ORDZE''',1,10000,0,'''ORDZE''',1,10000,0,'''ORDZE''',1,9800,0,'''ORDZE''',1,10000,0,'''ORDZE''',1,9700,0,'''ORDZE''',1,3000,0,'''ORDZE''',1,7000,0,'''ORDZE''',1,3200,0,'''ORDZE''',1,6800,0,'''ORDZE''',1,3200,0,'''ORDZE''',1,7300,0,'''ORDZE''',1,3000,0,'''ORDZE''',1,7000,0,'''ORDZE''',1
