'Blocking-Weekday-20-SCT-SUM24-1111100',401029,61300,0,'''ORDZE''',1,3000,0,'''ORDZE''',1,7000,0,'''ORDZE''',1,3000,0,'''ORDZE''',1,7000,0,'''ORDZE''',1,3000,0,'''ORDZE''',1,7000,0,'''ORDZE''',1,3000,0,'''ORDZE''',1,10000,0,'''ORDZE''',1,10000,0,'''ORDZE''',1,10000,0,'''ORDZE''',1,10000,0,'''ORDZE''',1,10000,0,'''ORDZE''',1,9500,0,'''ORDZE''',1,6800,0,'''ORDZE''',1,3000,0,'''ORDZE''',1,7000,0,'''ORDZE''',1,3500,0,'''ORDZE''',1,7200,0,'''ORDZE''',1,3000,0,'''ORDZE''',1,7000,0,'''ORDZE''',1
'Blocking-Weekday-40-SCT-FAL24-1111100',401029,61300,0,'''ORDZE''',1,3000,0,'''ORDZE''',1,7000,0,'''ORDZE''',1,3000,0,'''ORDZE''',1,7000,0,'''ORDZE''',1,3000,0,'''ORDZE''',1,7000,0,'''ORDZE''',1,3000,0,'''ORDZE''',1,10000,0,'''ORDZE''',1,10000,0,'''ORDZE''',1,10000,0,'''ORDZE''',1,10000,0,'''ORDZE''',1,10000,0,'''ORDZE''',1,9500,0,'''ORDZE''',1,6800,0,'''ORDZE''',1,3000,0,'''ORDZE''',1,7000,0,'''ORDZE''',1,3500,0,'''ORDZE''',1,7200,0,'''ORDZE''',1,3000,0,'''ORDZE''',1,7000,0,'''ORDZE''',1
'Blocking-Weekday-44-SCT-FAL24-1111100',401029,61300,0,'''ORDZE''',1,3000,0,'''ORDZE''',1,7000,0,'''ORDZE''',1,3000,0,'''ORDZE''',1,7000,0,'''ORDZE''',1,3000,0,'''ORDZE''',1,7000,0,'''ORDZE''',1,3000,0,'''ORDZE''',1,10000,0,'''ORDZE''',1,10000,0,'''ORDZE''',1,10000,0,'''ORDZE''',1,10000,0,'''ORDZE''',1,10000,0,'''ORDZE''',1,9500,0,'''ORDZE''',1,6800,0,'''ORDZE''',1,3000,0,'''ORDZE''',1,7000,0,'''ORDZE''',1,3500,0,'''ORDZE''',1,7200,0,'''ORDZE''',1,3000,0,'''ORDZE''',1,7000,0,'''ORDZE''',1
'Blocking-Weekday-45-SCT-FAL24-1111100',401029,61300,0,'''ORDZE''',1,3000,0,'''ORDZE''',1,7000,0,'''ORDZE''',1,3000,0,'''ORDZE''',1,7000,0,'''ORDZE''',1,3000,0,'''ORDZE''',1,7000,0,'''ORDZE''',1,3000,0,'''ORDZE''',1,10000,0,'''ORDZE''',1,10000,0,'''ORDZE''',1,10000,0,'''ORDZE''',1,10000,0,'''ORDZE''',1,10000,0,'''ORDZE''',1,9500,0,'''ORDZE''',1,6800,0,'''ORDZE''',1,3000,0,'''ORDZE''',1,7000,0,'''ORDZE''',1,3500,0,'''ORDZE''',1,7200,0,'''ORDZE''',1,3000,0,'''ORDZE''',1,7000,0,'''ORDZE''',1
'Blocking-Saturday-21-SCT-SUM24-0000010',41101,74400,0,'''BETHEL''',1,10000,0,'''BETHEL''',1,10000,0,'''BETHEL''',1,10000,0,'''BETHEL''',1,10000,0,'''BETHEL''',1,10000,0,'''BETHEL''',1,10000,0,'''BETHEL''',1,10000,0,'''BETHEL''',1,10000,0,'''BETHEL''',1,10000,0,'''BETHEL''',1,10000,0,'''BETHEL''',1,10000,0,'''BETHEL''',1,10000,0,'''BETHEL''',1,10000,0,'''BETHEL''',1,10000,0,'''BETHEL''',1,10000,0,'''BETHEL''',1,10000,0,'''BETHEL''',1
'Blocking-Saturday-41-SCT-FAL24-0000010',41101,74400,0,'''BETHEL''',1,10000,0,'''BETHEL''',1,10000,0,'''BETHEL''',1,10000,0,'''BETHEL''',1,10000,0,'''BETHEL''',1,10000,0,'''BETHEL''',1,10000,0,'''BETHEL''',1,10000,0,'''BETHEL''',1,10000,0,'''BETHEL''',1,10000,0,'''BETHEL''',1,10000,0,'''BETHEL''',1,10000,0,'''BETHEL''',1,10000,0,'''BETHEL''',1,10000,0,'''BETHEL''',1,10000,0,'''BETHEL''',1,10000,0,'''BETHEL''',1,10000,0,'''BETHEL''',1
'Blocking-Saturday-43-SCT-FAL24-0000010',41101,74400,0,'''BETHEL''',1,10000,0,'''BETHEL''',1,10000,0,'''BETHEL''',1,10000,0,'''BETHEL''',1,10000,0,'''BETHEL''',1,10000,0,'''BETHEL''',1,10000,0,'''BETHEL''',1,10000,0,'''BETHEL''',1,10000,0,'''BETHEL''',1,10000,0,'''BETHEL''',1,10000,0,'''BETHEL''',1,10000,0,'''BETHEL''',1,10000,0,'''BETHEL''',1,10000,0,'''BETHEL''',1,10000,0,'''BETHEL''',1,10000,0,'''BETHEL''',1,10000,0,'''BETHEL''',1
'Blocking-Sunday-42-SCT-FAL24-0000001',41101,84400,0,'''BETHEL''',1,10000,0,'''BETHEL''',1,10000,0,'''BETHEL''',1,10000,0,'''BETHEL''',1,10000,0,'''BETHEL''',1,10000,0,'''BETHEL''',1,10000,0,'''BETHEL''',1,10000,0,'''BETHEL''',1,10000,0,'''BETHEL''',1,10000,0,'''BETHEL''',1,10000,0,'''BETHEL''',1,10000,0,'''BETHEL''',1
'Blocking-Weekday-20-SCT-SUM24-1111100',41101,61200,0,'''BETHEL''',1,2600,0,'''BETHEL''',1,1500,0,'''BETHEL''',1,5500,0,'''BETHEL''',1,1500,0,'''BETHEL''',1,1500,0,'''BETHEL''',1,1500,0,'''BETHEL''',1,5500,0,'''BETHEL''',1,3000,0,'''BETHEL''',1,7000,0,'''BETHEL''',1,3100,0,'''BETHEL''',1,7000,0,'''BETHEL''',1,3000,0,'''BETHEL''',1,7000,0,'''BETHEL''',1,3000,0,'''BETHEL''',1,7000,0,'''BETHEL''',1,3000,0,'''BETHEL''',1,7000,0,'''BETHEL''',1,3000,0,'''BETHEL''',1,6700,0,'''BETHEL''',1,3000,0,'''BETHEL''',1,7000,0,'''BETHEL''',1,1300,0,'''BETHEL''',1,1500,0,'''BETHEL''',1,1200,0,'''BETHEL''',1,5500,0,'''BETHEL''',1,1500,0,'''BETHEL''',1,1500,0,'''BETHEL''',1,1500,0,'''BETHEL''',1,5500,0,'''BETHEL''',1,1500,0,'''BETHEL''',1,1500,0,'''BETHEL''',1,7800,0,'''BETHEL''',1,3500,0,'''BETHEL''',1,10000,0,'''BETHEL''',1,10000,0,'''BETHEL''',1,10000,0,'''BETHEL''',1,10000,0,'''BETHEL''',1,10000,0,'''BETHEL''',1
'Blocking-Weekday-40-SCT-FAL24-1111100',41101,61200,0,'''BETHEL''',1,2600,0,'''BETHEL''',1,1500,0,'''BETHEL''',1,5500,0,'''BETHEL''',1,1500,0,'''BETHEL''',1,1500,0,'''BETHEL''',1,1500,0,'''BETHEL''',1,5500,0,'''BETHEL''',1,3000,0,'''BETHEL''',1,7000,0,'''BETHEL''',1,3000,0,'''BETHEL''',1,7000,0,'''BETHEL''',1,3100,0,'''BETHEL''',1,7000,0,'''BETHEL''',1,3000,0,'''BETHEL''',1,7000,0,'''BETHEL''',1,3000,0,'''BETHEL''',1,7000,0,'''BETHEL''',1,3000,0,'''BETHEL''',1,6700,0,'''BETHEL''',1,3000,0,'''BETHEL''',1,7000,0,'''BETHEL''',1,1300,0,'''BETHEL''',1,1500,0,'''BETHEL''',1,1200,0,'''BETHEL''',1,5500,0,'''BETHEL''',1,1500,0,'''BETHEL''',1,1500,0,'''BETHEL''',1,1500,0,'''BETHEL''',1,5500,0,'''BETHEL''',1,1500,0,'''BETHEL''',1,1500,0,'''BETHEL''',1,7800,0,'''BETHEL''',1,3500,0,'''BETHEL''',1,10000,0,'''BETHEL''',1,10000,0,'''BETHEL''',1,10000,0,'''BETHEL''',1,10000,0,'''BETHEL''',1,10000,0,'''BETHEL''',1
'Blocking-Weekday-44-SCT-FAL24-1111100',41101,61200,0,'''BETHEL''',1,2600,0,'''BETHEL''',1,1500,0,'''BETHEL''',1,5500,0,'''BETHEL''',1,1500,0,'''BETHEL''',1,1500,0,'''BETHEL''',1,1500,0,'''BETHEL''',1,5500,0,'''BETHEL''',1,3000,0,'''BETHEL''',1,7000,0,'''BETHEL''',1,3000,0,'''BETHEL''',1,7000,0,'''BETHEL''',1,3100,0,'''BETHEL''',1,7000,0,'''BETHEL''',1,3000,0,'''BETHEL''',1,7000,0,'''BETHEL''',1,3000,0,'''BETHEL''',1,7000,0,'''BETHEL''',1,3000,0,'''BETHEL''',1,6700,0,'''BETHEL''',1,3000,0,'''BETHEL''',1,7000,0,'''BETHEL''',1,1300,0,'''BETHEL''',1,1500,0,'''BETHEL''',1,1200,0,'''BETHEL''',1,5500,0,'''BETHEL''',1,1500,0,'''BETHEL''',1,1500,0,'''BETHEL''',1,1500,0,'''BETHEL''',1,5500,0,'''BETHEL''',1,1500,0,'''BETHEL''',1,1500,0,'''BETHEL''',1,7800,0,'''BETHEL''',1,3500,0,'''BETHEL''',1,10000,0,'''BETHEL''',1,10000,0,'''BETHEL''',1,10000,0,'''BETHEL''',1,10000,0,'''BETHEL''',1,10000,0,'''BETHEL''',1
'Blocking-Weekday-45-SCT-FAL24-1111100',41101,61200,0,'''BETHEL''',1,2600,0,'''BETHEL''',1,1500,0,'''BETHEL''',1,5500,0,'''BETHEL''',1,1500,0,'''BETHEL''',1,1500,0,'''BETHEL''',1,1500,0,'''BETHEL''',1,5500,0,'''BETHEL''',1,3000,0,'''BETHEL''',1,7000,0,'''BETHEL''',1,3000,0,'''BETHEL''',1,7000,0,'''BETHEL''',1,3100,0,'''BETHEL''',1,7000,0,'''BETHEL''',1,3000,0,'''BETHEL''',1,7000,0,'''BETHEL''',1,3000,0,'''BETHEL''',1,7000,0,'''BETHEL''',1,3000,0,'''BETHEL''',1,6700,0,'''BETHEL''',1,3000,0,'''BETHEL''',1,7000,0,'''BETHEL''',1,1300,0,'''BETHEL''',1,1500,0,'''BETHEL''',1,1200,0,'''BETHEL''',1,5500,0,'''BETHEL''',1,1500,0,'''BETHEL''',1,1500,0,'''BETHEL''',1,1500,0,'''BETHEL''',1,5500,0,'''BETHEL''',1,1500,0,'''BETHEL''',1,1500,0,'''BETHEL''',1,7800,0,'''BETHEL''',1,3500,0,'''BETHEL''',1,10000,0,'''BETHEL''',1,10000,0,'''BETHEL''',1,10000,0,'''BETHEL''',1,10000,0,'''BETHEL''',1,10000,0,'''BETHEL''',1
