44201,'Weekday-13',605,,1826,7,0,5 10 14,1,30,,1805,7,0,5 10 14,1,70,,1813,7,0,5 10 14,1,30,,1806,7,0,5 10 14,1,70,,1814,7,0,5 10 14,1,30,,1807,7,0,5 10 14,1,70,,1815,7,0,5 10 14,1,30,,1808,7,0,5 10 14,1,70,,1816,7,0,5 10 14,1,30,,1809,7,0,5 10 14,1,70,,1817,7,0,5 10 14,1,30,,1810,7,0,5 10 14,1,70,,1818,7,0,5 10 14,1,30,,1811,7,0,5 10 14,1,70,,1819,7,0,5 10 14,1,30,,1803,7,0,5 10 14,1,70,,1820,7,0,5 10 14,1,30,,1804,7,0,5 10 14,1,70,,1821,7,0,5 10 14,1,30,,1812,7,0,5 10 14,1,70,,1822,7,0,5 10 14,1,30,,1800,7,0,5 10 14,1,70,,1823,7,0,5 10 14,1,30,,1801,7,0,5 10 14,1,70,,1824,7,0,5 10 14,1,30,,1802,7,0,5 10 14,1,70,,1825,7,0,5 10 14,1
44201,'Weekday-15',605,,1853,7,0,5 10 14,1,30,,1832,7,0,5 10 14,1,70,,1840,7,0,5 10 14,1,30,,1833,7,0,5 10 14,1,70,,1841,7,0,5 10 14,1,30,,1834,7,0,5 10 14,1,70,,1842,7,0,5 10 14,1,30,,1835,7,0,5 10 14,1,70,,1843,7,0,5 10 14,1,30,,1836,7,0,5 10 14,1,70,,1844,7,0,5 10 14,1,30,,1837,7,0,5 10 14,1,70,,1845,7,0,5 10 14,1,30,,1838,7,0,5 10 14,1,70,,1846,7,0,5 10 14,1,30,,1830,7,0,5 10 14,1,70,,1847,7,0,5 10 14,1,30,,1831,7,0,5 10 14,1,70,,1848,7,0,5 10 14,1,30,,1839,7,0,5 10 14,1,70,,1849,7,0,5 10 14,1,30,,1827,7,0,5 10 14,1,70,,1850,7,0,5 10 14,1,30,,1828,7,0,5 10 14,1,70,,1851,7,0,5 10 14,1,30,,1829,7,0,5 10 14,1,70,,1852,7,0,5 10 14,1
44201,'Weekday-16',605,,1880,7,0,5 10 14,1,30,,1859,7,0,5 10 14,1,70,,1867,7,0,5 10 14,1,30,,1860,7,0,5 10 14,1,70,,1868,7,0,5 10 14,1,30,,1861,7,0,5 10 14,1,70,,1869,7,0,5 10 14,1,30,,1862,7,0,5 10 14,1,70,,1870,7,0,5 10 14,1,30,,1863,7,0,5 10 14,1,70,,1871,7,0,5 10 14,1,30,,1864,7,0,5 10 14,1,70,,1872,7,0,5 10 14,1,30,,1865,7,0,5 10 14,1,70,,1873,7,0,5 10 14,1,30,,1857,7,0,5 10 14,1,70,,1874,7,0,5 10 14,1,30,,1858,7,0,5 10 14,1,70,,1875,7,0,5 10 14,1,30,,1866,7,0,5 10 14,1,70,,1876,7,0,5 10 14,1,30,,1854,7,0,5 10 14,1,70,,1877,7,0,5 10 14,1,30,,1855,7,0,5 10 14,1,70,,1878,7,0,5 10 14,1,30,,1856,7,0,5 10 14,1,70,,1879,7,0,5 10 14,1
44301,'Weekday-13',605,,2060,26,0,5,1,30,,2061,28,,,1,70,,2047,28,,,1,30,,2062,28,,,1,70,,2048,28,,,1,30,,2063,28,,,1,70,,2049,28,,,1,30,,2064,28,,,1,70,,2050,28,,,1,30,,2065,28,,,1,70,,2051,28,,,1,30,,2066,28,,,1,70,,2052,28,,,1,30,,2067,28,,,1,70,,2053,28,,,1,30,,2068,28,,,1,70,,2054,28,,,1,30,,2069,28,,,1,70,,2055,28,,,1,30,,2070,28,,,1,70,,2056,28,,,1,30,,2071,28,,,1,70,,2057,28,,,1,30,,2072,28,,,1,70,,2058,28,,,1,30,,2073,28,,,1,70,,2059,28,,,1
44301,'Weekday-15',605,,2087,26,0,5,1,30,,2088,28,,,1,70,,2074,28,,,1,30,,2089,28,,,1,70,,2075,28,,,1,30,,2090,28,,,1,70,,2076,28,,,1,30,,2091,28,,,1,70,,2077,28,,,1,30,,2092,28,,,1,70,,2078,28,,,1,30,,2093,28,,,1,70,,2079,28,,,1,30,,2094,28,,,1,70,,2080,28,,,1,30,,2095,28,,,1,70,,2081,28,,,1,30,,2096,28,,,1,70,,2082,28,,,1,30,,2097,28,,,1,70,,2083,28,,,1,30,,2098,28,,,1,70,,2084,28,,,1,30,,2099,28,,,1,70,,2085,28,,,1,30,,2100,28,,,1,70,,2086,28,,,1
44301,'Weekday-16',605,,2114,26,0,5,1,30,,2115,28,,,1,70,,2101,28,,,1,30,,2116,28,,,1,70,,2102,28,,,1,30,,2117,28,,,1,70,,2103,28,,,1,30,,2118,28,,,1,70,,2104,28,,,1,30,,2119,28,,,1,70,,2105,28,,,1,30,,2120,28,,,1,70,,2106,28,,,1,30,,2121,28,,,1,70,,2107,28,,,1,30,,2122,28,,,1,70,,2108,28,,,1,30,,2123,28,,,1,70,,2109,28,,,1,30,,2124,28,,,1,70,,2110,28,,,1,30,,2125,28,,,1,70,,2111,28,,,1,30,,2126,28,,,1,70,,2112,28,,,1,30,,2127,28,,,1,70,,2113,28,,,1
45001,'Weekday-13',603,,2140,7,,,1,30,,2128,7,,,1,70,,2142,7,,,1,30,,2129,7,,,1,70,,2143,7,,,1,30,,2130,7,,,1,70,,2144,7,,,1,30,,2131,7,,,1,70,,2145,7,,,1,30,,2141,7,,,1,70,,2146,7,,,1,30,,2132,7,,,1,70,,2147,7,,,1,30,,2133,7,,,1,70,,2148,7,,,1,30,,2134,7,,,1,70,,2149,7,,,1,30,,2135,7,,,1,70,,2150,7,,,1,30,,2136,7,,,1,70,,2151,7,,,1,30,,2137,7,,,1,70,,2152,7,,,1,30,,2138,7,,,1,70,,2153,7,,,1,30,,2139,7,,,1,70,,2154,7,,,1
45001,'Weekday-15',603,,2167,7,,,1,30,,2155,7,,,1,70,,2169,7,,,1,30,,2156,7,,,1,70,,2170,7,,,1,30,,2157,7,,,1,70,,2171,7,,,1,30,,2158,7,,,1,70,,2172,7,,,1,30,,2168,7,,,1,70,,2173,7,,,1,30,,2159,7,,,1,70,,2174,7,,,1,30,,2160,7,,,1,70,,2175,7,,,1,30,,2161,7,,,1,70,,2176,7,,,1,30,,2162,7,,,1,70,,2177,7,,,1,30,,2163,7,,,1,70,,2178,7,,,1,30,,2164,7,,,1,70,,2179,7,,,1,30,,2165,7,,,1,70,,2180,7,,,1,30,,2166,7,,,1,70,,2181,7,,,1
45001,'Weekday-16',603,,2194,7,,,1,30,,2182,7,,,1,70,,2196,7,,,1,30,,2183,7,,,1,70,,2197,7,,,1,30,,2184,7,,,1,70,,2198,7,,,1,30,,2185,7,,,1,70,,2199,7,,,1,30,,2195,7,,,1,70,,2200,7,,,1,30,,2186,7,,,1,70,,2201,7,,,1,30,,2187,7,,,1,70,,2202,7,,,1,30,,2188,7,,,1,70,,2203,7,,,1,30,,2189,7,,,1,70,,2204,7,,,1,30,,2190,7,,,1,70,,2205,7,,,1,30,,2191,7,,,1,70,,2206,7,,,1,30,,2192,7,,,1,70,,2207,7,,,1,30,,2193,7,,,1,70,,2208,7,,,1
45101,'Weekday-13',605,,2386,20,,,1,30,,2387,23,,,1,70,,2373,23,,,1,30,,2388,23,,,1,70,,2374,23,,,1,30,,2389,23,,,1,70,,2375,23,,,1,30,,2390,23,,,1,70,,2376,23,,,1,30,,2391,23,,,1,70,,2377,23,,,1,30,,2392,23,,,1,70,,2378,23,,,1,30,,2393,23,,,1,70,,2379,23,,,1,30,,2394,23,,,1,70,,2380,23,,,1,30,,2395,23,,,1,70,,2381,23,,,1,30,,2396,23,,,1,70,,2382,23,,,1,30,,2397,23,,,1,70,,2383,23,,,1,30,,2398,23,,,1,70,,2384,23,,,1,30,,2399,23,,,1,70,,2385,23,,,1
45101,'Weekday-15',605,,2413,20,,,1,30,,2414,23,,,1,70,,2400,23,,,1,30,,2415,23,,,1,70,,2401,23,,,1,30,,2416,23,,,1,70,,2402,23,,,1,30,,2417,23,,,1,70,,2403,23,,,1,30,,2418,23,,,1,70,,2404,23,,,1,30,,2419,23,,,1,70,,2405,23,,,1,30,,2420,23,,,1,70,,2406,23,,,1,30,,2421,23,,,1,70,,2407,23,,,1,30,,2422,23,,,1,70,,2408,23,,,1,30,,2423,23,,,1,70,,2409,23,,,1,30,,2424,23,,,1,70,,2410,23,,,1,30,,2425,23,,,1,70,,2411,23,,,1,30,,2426,23,,,1,70,,2412,23,,,1
45101,'Weekday-16',605,,2440,20,,,1,30,,2441,23,,,1,70,,2427,23,,,1,30,,2442,23,,,1,70,,2428,23,,,1,30,,2443,23,,,1,70,,2429,23,,,1,30,,2444,23,,,1,70,,2430,23,,,1,30,,2445,23,,,1,70,,2431,23,,,1,30,,2446,23,,,1,70,,2432,23,,,1,30,,2447,23,,,1,70,,2433,23,,,1,30,,2448,23,,,1,70,,2434,23,,,1,30,,2449,23,,,1,70,,2435,23,,,1,30,,2450,23,,,1,70,,2436,23,,,1,30,,2451,23,,,1,70,,2437,23,,,1,30,,2452,23,,,1,70,,2438,23,,,1,30,,2453,23,,,1,70,,2439,23,,,1
