43000,'Weekday-32',616,,3401,2,,,1,30,,3414,2,,,1,70,,3402,2,,,1,30,,3415,2,,,1,60,,3425,2,0,8 18,1,10,,3403,2,,,1,30,,3416,2,,,1,70,,3404,2,,,1,30,,3417,2,,,1,70,,3405,2,,,1,30,,3418,2,,,1,70,,3406,2,,,1,30,,3419,2,,,1,70,,3407,2,,,1,30,,3420,2,,,1,70,,3408,2,,,1,30,,3421,2,,,1,70,,3409,2,,,1,30,,3422,2,,,1,70,,3410,2,,,1,30,,3423,2,,,1,70,,3400,2,,,1,30,,3411,2,,,1,70,,3398,2,,,1,30,,3413,2,,,1,70,,3399,2,,,1
43000,'Weekday-33',616,,3429,2,,,1,30,,3442,2,,,1,70,,3430,2,,,1,30,,3443,2,,,1,60,,3453,2,0,8 18,1,10,,3431,2,,,1,30,,3444,2,,,1,70,,3432,2,,,1,30,,3445,2,,,1,70,,3433,2,,,1,30,,3446,2,,,1,70,,3434,2,,,1,30,,3447,2,,,1,70,,3435,2,,,1,30,,3448,2,,,1,70,,3436,2,,,1,30,,3449,2,,,1,70,,3437,2,,,1,30,,3450,2,,,1,70,,3438,2,,,1,30,,3451,2,,,1,70,,3428,2,,,1,30,,3439,2,,,1,70,,3426,2,,,1,30,,3441,2,,,1,70,,3427,2,,,1
43100,'Weekday-32',616,,3481,2,,,1,30,,3494,2,,,1,70,,3482,2,,,1,30,,3495,2,,,1,70,,3483,2,,,1,30,,3496,2,,,1,70,,3484,2,,,1,30,,3497,2,,,1,70,,3485,2,,,1,30,,3498,2,,,1,70,,3486,2,,,1,30,,3499,2,,,1,70,,3487,2,,,1,30,,3500,2,,,1,70,,3488,2,,,1,30,,3501,2,,,1,70,,3489,2,,,1,30,,3502,2,,,1,70,,3490,2,,,1,30,,3503,2,,,1,70,,3491,2,,,1,30,,3504,2,,,1,70,,3492,2,,,1,30,,3505,2,,,1,70,,3493,2,,,1,30,,3506,2,,,1
43100,'Weekday-33',616,,3508,2,,,1,30,,3521,2,,,1,70,,3509,2,,,1,30,,3522,2,,,1,70,,3510,2,,,1,30,,3523,2,,,1,70,,3511,2,,,1,30,,3524,2,,,1,70,,3512,2,,,1,30,,3525,2,,,1,70,,3513,2,,,1,30,,3526,2,,,1,70,,3514,2,,,1,30,,3527,2,,,1,70,,3515,2,,,1,30,,3528,2,,,1,70,,3516,2,,,1,30,,3529,2,,,1,70,,3517,2,,,1,30,,3530,2,,,1,70,,3518,2,,,1,30,,3531,2,,,1,70,,3519,2,,,1,30,,3532,2,,,1,70,,3520,2,,,1,30,,3533,2,,,1
43200,'Weekday-32',615,,3576,2,,,1,30,,3563,2,,,1,70,,3577,2,,,1,30,,3564,2,,,1,70,,3578,2,,,1,30,,3565,2,,,1,70,,3579,2,,,1,30,,3566,2,,,1,70,,3580,2,,,1,30,,3567,2,,,1,70,,3581,2,,,1,30,,3568,2,,,1,70,,3582,2,,,1,30,,3569,2,,,1,70,,3583,2,,,1,30,,3570,2,,,1,70,,3584,2,,,1,30,,3571,2,,,1,70,,3585,2,,,1,30,,3572,2,,,1,70,,3586,2,,,1,30,,3573,2,,,1,70,,3587,2,,,1,30,,3574,2,,,1,70,,3588,2,,,1,30,,3575,2,,,1
43200,'Weekday-33',615,,3603,2,,,1,30,,3590,2,,,1,70,,3604,2,,,1,30,,3591,2,,,1,70,,3605,2,,,1,30,,3592,2,,,1,70,,3606,2,,,1,30,,3593,2,,,1,70,,3607,2,,,1,30,,3594,2,,,1,70,,3608,2,,,1,30,,3595,2,,,1,70,,3609,2,,,1,30,,3596,2,,,1,70,,3610,2,,,1,30,,3597,2,,,1,70,,3611,2,,,1,30,,3598,2,,,1,70,,3612,2,,,1,30,,3599,2,,,1,70,,3613,2,,,1,30,,3600,2,,,1,70,,3614,2,,,1,30,,3601,2,,,1,70,,3615,2,,,1,30,,3602,2,,,1
43300,'Weekday-32',616,,3738,2,,,1,30,,3725,2,,,1,70,,3739,2,,,1,30,,3726,2,,,1,70,,3740,2,,,1,30,,3727,2,,,1,70,,3741,2,,,1,30,,3728,2,,,1,70,,3742,2,,,1,30,,3729,2,,,1,70,,3743,2,,,1,30,,3730,2,,,1,70,,3744,2,,,1,30,,3731,2,,,1,70,,3745,2,,,1,30,,3732,2,,,1,70,,3746,2,,,1,30,,3733,2,,,1,70,,3747,2,,,1,30,,3734,2,,,1,70,,3748,2,,,1,30,,3735,2,,,1,70,,3749,2,,,1,30,,3736,2,,,1,70,,3750,2,,,1,30,,3724,2,,,1
43300,'Weekday-33',616,,3765,2,,,1,30,,3752,2,,,1,70,,3766,2,,,1,30,,3753,2,,,1,70,,3767,2,,,1,30,,3754,2,,,1,70,,3768,2,,,1,30,,3755,2,,,1,70,,3769,2,,,1,30,,3756,2,,,1,70,,3770,2,,,1,30,,3757,2,,,1,70,,3771,2,,,1,30,,3758,2,,,1,70,,3772,2,,,1,30,,3759,2,,,1,70,,3773,2,,,1,30,,3760,2,,,1,70,,3774,2,,,1,30,,3761,2,,,1,70,,3775,2,,,1,30,,3762,2,,,1,70,,3776,2,,,1,30,,3763,2,,,1,70,,3777,2,,,1,30,,3751,2,,,1
45000,'Weekday-32',616,,4460,2,,,1,30,,4473,2,,,1,70,,4461,2,,,1,30,,4474,2,,,1,70,,4462,2,,,1,30,,4475,2,,,1,70,,4463,2,,,1,30,,4476,2,,,1,70,,4464,2,,,1,30,,4477,2,,,1,70,,4465,2,,,1,30,,4478,2,,,1,70,,4466,2,,,1,30,,4479,2,,,1,70,,4467,2,,,1,30,,4480,2,,,1,70,,4468,2,,,1,30,,4481,2,,,1,70,,4469,2,,,1,30,,4482,2,,,1,70,,4470,2,,,1,30,,4483,2,,,1,70,,4471,2,,,1,30,,4484,2,,,1,70,,4472,2,,,1,30,,4485,2,,,1
45000,'Weekday-33',616,,4487,2,,,1,30,,4500,2,,,1,70,,4488,2,,,1,30,,4501,2,,,1,70,,4489,2,,,1,30,,4502,2,,,1,70,,4490,2,,,1,30,,4503,2,,,1,70,,4491,2,,,1,30,,4504,2,,,1,70,,4492,2,,,1,30,,4505,2,,,1,70,,4493,2,,,1,30,,4506,2,,,1,70,,4494,2,,,1,30,,4507,2,,,1,70,,4495,2,,,1,30,,4508,2,,,1,70,,4496,2,,,1,30,,4509,2,,,1,70,,4497,2,,,1,30,,4510,2,,,1,70,,4498,2,,,1,30,,4511,2,,,1,70,,4499,2,,,1,30,,4512,2,,,1
