'Blocking-Saturday-21-SCT-SUM24-0000010',41101,80800,0,'''BETHEL''',1,10000,0,'''BETHEL''',1,10000,0,'''BETHEL''',1,10000,0,'''BETHEL''',1,10000,0,'''BETHEL''',1,10000,0,'''BETHEL''',1,10000,0,'''BETHEL''',1,10000,0,'''BETHEL''',1,10000,0,'''BETHEL''',1,10000,0,'''BETHEL''',1,10000,0,'''BETHEL''',1,10000,0,'''BETHEL''',1,10000,0,'''BETHEL''',1,10000,0,'''BETHEL''',1,10000,0,'''BETHEL''',1,10000,0,'''BETHEL''',1,10000,0,'''BETHEL''',1
'Blocking-Saturday-41-SCT-FAL24-0000010',41101,80800,0,'''BETHEL''',1,10000,0,'''BETHEL''',1,10000,0,'''BETHEL''',1,10000,0,'''BETHEL''',1,10000,0,'''BETHEL''',1,10000,0,'''BETHEL''',1,10000,0,'''BETHEL''',1,10000,0,'''BETHEL''',1,10000,0,'''BETHEL''',1,10000,0,'''BETHEL''',1,10000,0,'''BETHEL''',1,10000,0,'''BETHEL''',1,10000,0,'''BETHEL''',1,10000,0,'''BETHEL''',1,10000,0,'''BETHEL''',1,10000,0,'''BETHEL''',1,10000,0,'''BETHEL''',1
'Blocking-Saturday-43-SCT-FAL24-0000010',41101,80800,0,'''BETHEL''',1,10000,0,'''BETHEL''',1,10000,0,'''BETHEL''',1,10000,0,'''BETHEL''',1,10000,0,'''BETHEL''',1,10000,0,'''BETHEL''',1,10000,0,'''BETHEL''',1,10000,0,'''BETHEL''',1,10000,0,'''BETHEL''',1,10000,0,'''BETHEL''',1,10000,0,'''BETHEL''',1,10000,0,'''BETHEL''',1,10000,0,'''BETHEL''',1,10000,0,'''BETHEL''',1,10000,0,'''BETHEL''',1,10000,0,'''BETHEL''',1,10000,0,'''BETHEL''',1
'Blocking-Sunday-42-SCT-FAL24-0000001',41101,90800,0,'''BETHEL''',1,10000,0,'''BETHEL''',1,10000,0,'''BETHEL''',1,10000,0,'''BETHEL''',1,10000,0,'''BETHEL''',1,10000,0,'''BETHEL''',1,10000,0,'''BETHEL''',1,10000,0,'''BETHEL''',1,10000,0,'''BETHEL''',1,10000,0,'''BETHEL''',1,10000,0,'''BETHEL''',1,10000,0,'''BETHEL''',1
'Blocking-Weekday-20-SCT-SUM24-1111100',41101,63700,0,'''BETHEL''',1,7000,0,'''BETHEL''',1,1500,0,'''BETHEL''',1,1500,0,'''BETHEL''',1,1500,0,'''BETHEL''',1,5500,0,'''BETHEL''',1,1500,0,'''BETHEL''',1,1500,0,'''BETHEL''',1,7000,0,'''BETHEL''',1,3000,0,'''BETHEL''',1,7000,0,'''BETHEL''',1,3000,0,'''BETHEL''',1,7000,0,'''BETHEL''',1,3000,0,'''BETHEL''',1,7000,0,'''BETHEL''',1,3000,0,'''BETHEL''',1,7000,0,'''BETHEL''',1,3000,0,'''BETHEL''',1,7000,0,'''BETHEL''',1,3000,0,'''BETHEL''',1,7000,0,'''BETHEL''',1,3000,0,'''BETHEL''',1,1500,0,'''BETHEL''',1,5500,0,'''BETHEL''',1,1500,0,'''BETHEL''',1,1500,0,'''BETHEL''',1,1500,0,'''BETHEL''',1,5500,0,'''BETHEL''',1,1500,0,'''BETHEL''',1,1500,0,'''BETHEL''',1,1500,0,'''BETHEL''',1,5500,0,'''BETHEL''',1,3000,0,'''BETHEL''',1,7100,0,'''BETHEL''',1,10000,0,'''BETHEL''',1,10000,0,'''BETHEL''',1,10000,0,'''BETHEL''',1,10000,0,'''BETHEL''',1,10000,0,'''BETHEL''',1
'Blocking-Weekday-40-SCT-FAL24-1111100',41101,63700,0,'''BETHEL''',1,7000,0,'''BETHEL''',1,1500,0,'''BETHEL''',1,1500,0,'''BETHEL''',1,1500,0,'''BETHEL''',1,5500,0,'''BETHEL''',1,1500,0,'''BETHEL''',1,1500,0,'''BETHEL''',1,7000,0,'''BETHEL''',1,3000,0,'''BETHEL''',1,6900,0,'''BETHEL''',1,3000,0,'''BETHEL''',1,7100,0,'''BETHEL''',1,3000,0,'''BETHEL''',1,7000,0,'''BETHEL''',1,3000,0,'''BETHEL''',1,7000,0,'''BETHEL''',1,3000,0,'''BETHEL''',1,7000,0,'''BETHEL''',1,3000,0,'''BETHEL''',1,7000,0,'''BETHEL''',1,3000,0,'''BETHEL''',1,1500,0,'''BETHEL''',1,5500,0,'''BETHEL''',1,1500,0,'''BETHEL''',1,1500,0,'''BETHEL''',1,1500,0,'''BETHEL''',1,5500,0,'''BETHEL''',1,1500,0,'''BETHEL''',1,1500,0,'''BETHEL''',1,1500,0,'''BETHEL''',1,5500,0,'''BETHEL''',1,3000,0,'''BETHEL''',1,7100,0,'''BETHEL''',1,10000,0,'''BETHEL''',1,10000,0,'''BETHEL''',1,10000,0,'''BETHEL''',1,10000,0,'''BETHEL''',1,10000,0,'''BETHEL''',1
'Blocking-Weekday-44-SCT-FAL24-1111100',41101,63700,0,'''BETHEL''',1,7000,0,'''BETHEL''',1,1500,0,'''BETHEL''',1,1500,0,'''BETHEL''',1,1500,0,'''BETHEL''',1,5500,0,'''BETHEL''',1,1500,0,'''BETHEL''',1,1500,0,'''BETHEL''',1,7000,0,'''BETHEL''',1,3000,0,'''BETHEL''',1,6900,0,'''BETHEL''',1,3000,0,'''BETHEL''',1,7100,0,'''BETHEL''',1,3000,0,'''BETHEL''',1,7000,0,'''BETHEL''',1,3000,0,'''BETHEL''',1,7000,0,'''BETHEL''',1,3000,0,'''BETHEL''',1,7000,0,'''BETHEL''',1,3000,0,'''BETHEL''',1,7000,0,'''BETHEL''',1,3000,0,'''BETHEL''',1,1500,0,'''BETHEL''',1,5500,0,'''BETHEL''',1,1500,0,'''BETHEL''',1,1500,0,'''BETHEL''',1,1500,0,'''BETHEL''',1,5500,0,'''BETHEL''',1,1500,0,'''BETHEL''',1,1500,0,'''BETHEL''',1,1500,0,'''BETHEL''',1,5500,0,'''BETHEL''',1,3000,0,'''BETHEL''',1,7100,0,'''BETHEL''',1,10000,0,'''BETHEL''',1,10000,0,'''BETHEL''',1,10000,0,'''BETHEL''',1,10000,0,'''BETHEL''',1,10000,0,'''BETHEL''',1
'Blocking-Weekday-45-SCT-FAL24-1111100',41101,63700,0,'''BETHEL''',1,7000,0,'''BETHEL''',1,1500,0,'''BETHEL''',1,1500,0,'''BETHEL''',1,1500,0,'''BETHEL''',1,5500,0,'''BETHEL''',1,1500,0,'''BETHEL''',1,1500,0,'''BETHEL''',1,7000,0,'''BETHEL''',1,3000,0,'''BETHEL''',1,6900,0,'''BETHEL''',1,3000,0,'''BETHEL''',1,7100,0,'''BETHEL''',1,3000,0,'''BETHEL''',1,7000,0,'''BETHEL''',1,3000,0,'''BETHEL''',1,7000,0,'''BETHEL''',1,3000,0,'''BETHEL''',1,7000,0,'''BETHEL''',1,3000,0,'''BETHEL''',1,7000,0,'''BETHEL''',1,3000,0,'''BETHEL''',1,1500,0,'''BETHEL''',1,5500,0,'''BETHEL''',1,1500,0,'''BETHEL''',1,1500,0,'''BETHEL''',1,1500,0,'''BETHEL''',1,5500,0,'''BETHEL''',1,1500,0,'''BETHEL''',1,1500,0,'''BETHEL''',1,1500,0,'''BETHEL''',1,5500,0,'''BETHEL''',1,3000,0,'''BETHEL''',1,7100,0,'''BETHEL''',1,10000,0,'''BETHEL''',1,10000,0,'''BETHEL''',1,10000,0,'''BETHEL''',1,10000,0,'''BETHEL''',1,10000,0,'''BETHEL''',1
'Blocking-Weekday-20-SCT-SUM24-1111100',41301,130700,0,'''Bethel''',1,33000,0,'''Bethel''',1,7000,0,'''Bethel''',1,3000,0,'''Bethel''',1,7000,0,'''Bethel''',1
'Blocking-Weekday-40-SCT-FAL24-1111100',41301,155000,0,'''Bethel''',1,7000,0,'''Bethel''',1,3000,0,'''Bethel''',1,7000,0,'''Bethel''',1,3000,0,'''Bethel''',1,7000,0,'''Bethel''',1
'Blocking-Weekday-44-SCT-FAL24-1111100',41301,155000,0,'''Bethel''',1,7000,0,'''Bethel''',1,3000,0,'''Bethel''',1,7000,0,'''Bethel''',1,3000,0,'''Bethel''',1,7000,0,'''Bethel''',1
'Blocking-Weekday-45-SCT-FAL24-1111100',41301,155000,0,'''Bethel''',1,7000,0,'''Bethel''',1,3000,0,'''Bethel''',1,7000,0,'''Bethel''',1,3000,0,'''Bethel''',1,7000,0,'''Bethel''',1
