43000,'Weekday-30',616,,3375,3,,,1,30,,3388,3,,,1,70,,3376,3,,,1,30,,3389,3,,,1,70,,3377,3,,,1,30,,3390,3,,,1,70,,3378,3,,,1,30,,3391,3,,,1,70,,3379,3,,,1,30,,3392,3,,,1,70,,3380,3,,,1,30,,3393,3,,,1,70,,3381,3,,,1,30,,3394,3,,,1,70,,3382,3,,,1,30,,3395,3,,,1,70,,3383,3,,,1,30,,3396,3,,,1,70,,3384,3,,,1,30,,3397,3,,,1,70,,3374,3,,,1,30,,3385,3,,,1,70,,3372,3,,,1,30,,3387,3,,,1,70,,3373,3,,,1
43000,'Weekday-32',616,,3401,3,,,1,30,,3414,3,,,1,70,,3402,3,,,1,30,,3415,3,,,1,60,,3425,3,0,8 18,1,10,,3403,3,,,1,30,,3416,3,,,1,70,,3404,3,,,1,30,,3417,3,,,1,70,,3405,3,,,1,30,,3418,3,,,1,70,,3406,3,,,1,30,,3419,3,,,1,70,,3407,3,,,1,30,,3420,3,,,1,70,,3408,3,,,1,30,,3421,3,,,1,70,,3409,3,,,1,30,,3422,3,,,1,70,,3410,3,,,1,30,,3423,3,,,1,70,,3400,3,,,1,30,,3411,3,,,1,70,,3398,3,,,1,30,,3413,3,,,1,70,,3399,3,,,1
43000,'Weekday-33',616,,3429,3,,,1,30,,3442,3,,,1,70,,3430,3,,,1,30,,3443,3,,,1,60,,3453,3,0,8 18,1,10,,3431,3,,,1,30,,3444,3,,,1,70,,3432,3,,,1,30,,3445,3,,,1,70,,3433,3,,,1,30,,3446,3,,,1,70,,3434,3,,,1,30,,3447,3,,,1,70,,3435,3,,,1,30,,3448,3,,,1,70,,3436,3,,,1,30,,3449,3,,,1,70,,3437,3,,,1,30,,3450,3,,,1,70,,3438,3,,,1,30,,3451,3,,,1,70,,3428,3,,,1,30,,3439,3,,,1,70,,3426,3,,,1,30,,3441,3,,,1,70,,3427,3,,,1
43100,'Weekday-30',616,,3454,3,,,1,30,,3467,3,,,1,70,,3455,3,,,1,30,,3468,3,,,1,70,,3456,3,,,1,30,,3469,3,,,1,70,,3457,3,,,1,30,,3470,3,,,1,70,,3458,3,,,1,30,,3471,3,,,1,70,,3459,3,,,1,30,,3472,3,,,1,70,,3460,3,,,1,30,,3473,3,,,1,70,,3461,3,,,1,30,,3474,3,,,1,70,,3462,3,,,1,30,,3475,3,,,1,70,,3463,3,,,1,30,,3476,3,,,1,70,,3464,3,,,1,30,,3477,3,,,1,70,,3465,3,,,1,30,,3478,3,,,1,70,,3466,3,,,1,30,,3479,3,,,1
43100,'Weekday-32',616,,3481,3,,,1,30,,3494,3,,,1,70,,3482,3,,,1,30,,3495,3,,,1,70,,3483,3,,,1,30,,3496,3,,,1,70,,3484,3,,,1,30,,3497,3,,,1,70,,3485,3,,,1,30,,3498,3,,,1,70,,3486,3,,,1,30,,3499,3,,,1,70,,3487,3,,,1,30,,3500,3,,,1,70,,3488,3,,,1,30,,3501,3,,,1,70,,3489,3,,,1,30,,3502,3,,,1,70,,3490,3,,,1,30,,3503,3,,,1,70,,3491,3,,,1,30,,3504,3,,,1,70,,3492,3,,,1,30,,3505,3,,,1,70,,3493,3,,,1,30,,3506,3,,,1
43100,'Weekday-33',616,,3508,3,,,1,30,,3521,3,,,1,70,,3509,3,,,1,30,,3522,3,,,1,70,,3510,3,,,1,30,,3523,3,,,1,70,,3511,3,,,1,30,,3524,3,,,1,70,,3512,3,,,1,30,,3525,3,,,1,70,,3513,3,,,1,30,,3526,3,,,1,70,,3514,3,,,1,30,,3527,3,,,1,70,,3515,3,,,1,30,,3528,3,,,1,70,,3516,3,,,1,30,,3529,3,,,1,70,,3517,3,,,1,30,,3530,3,,,1,70,,3518,3,,,1,30,,3531,3,,,1,70,,3519,3,,,1,30,,3532,3,,,1,70,,3520,3,,,1,30,,3533,3,,,1
43300,'Weekday-30',616,,3711,3,,,1,30,,3698,3,,,1,70,,3712,3,,,1,30,,3699,3,,,1,70,,3713,3,,,1,30,,3700,3,,,1,70,,3714,3,,,1,30,,3701,3,,,1,70,,3715,3,,,1,30,,3702,3,,,1,70,,3716,3,,,1,30,,3703,3,,,1,70,,3717,3,,,1,30,,3704,3,,,1,70,,3718,3,,,1,30,,3705,3,,,1,70,,3719,3,,,1,30,,3706,3,,,1,70,,3720,3,,,1,30,,3707,3,,,1,70,,3721,3,,,1,30,,3708,3,,,1,70,,3722,3,,,1,30,,3709,3,,,1,70,,3723,3,,,1,30,,3697,3,,,1
43300,'Weekday-32',616,,3738,3,,,1,30,,3725,3,,,1,70,,3739,3,,,1,30,,3726,3,,,1,70,,3740,3,,,1,30,,3727,3,,,1,70,,3741,3,,,1,30,,3728,3,,,1,70,,3742,3,,,1,30,,3729,3,,,1,70,,3743,3,,,1,30,,3730,3,,,1,70,,3744,3,,,1,30,,3731,3,,,1,70,,3745,3,,,1,30,,3732,3,,,1,70,,3746,3,,,1,30,,3733,3,,,1,70,,3747,3,,,1,30,,3734,3,,,1,70,,3748,3,,,1,30,,3735,3,,,1,70,,3749,3,,,1,30,,3736,3,,,1,70,,3750,3,,,1,30,,3724,3,,,1
43300,'Weekday-33',616,,3765,3,,,1,30,,3752,3,,,1,70,,3766,3,,,1,30,,3753,3,,,1,70,,3767,3,,,1,30,,3754,3,,,1,70,,3768,3,,,1,30,,3755,3,,,1,70,,3769,3,,,1,30,,3756,3,,,1,70,,3770,3,,,1,30,,3757,3,,,1,70,,3771,3,,,1,30,,3758,3,,,1,70,,3772,3,,,1,30,,3759,3,,,1,70,,3773,3,,,1,30,,3760,3,,,1,70,,3774,3,,,1,30,,3761,3,,,1,70,,3775,3,,,1,30,,3762,3,,,1,70,,3776,3,,,1,30,,3763,3,,,1,70,,3777,3,,,1,30,,3751,3,,,1
45000,'Weekday-30',616,,4433,3,,,1,30,,4446,3,,,1,70,,4434,3,,,1,30,,4447,3,,,1,70,,4435,3,,,1,30,,4448,3,,,1,70,,4436,3,,,1,30,,4449,3,,,1,70,,4437,3,,,1,30,,4450,3,,,1,70,,4438,3,,,1,30,,4451,3,,,1,70,,4439,3,,,1,30,,4452,3,,,1,70,,4440,3,,,1,30,,4453,3,,,1,70,,4441,3,,,1,30,,4454,3,,,1,70,,4442,3,,,1,30,,4455,3,,,1,70,,4443,3,,,1,30,,4456,3,,,1,70,,4444,3,,,1,30,,4457,3,,,1,70,,4445,3,,,1,30,,4458,3,,,1
45000,'Weekday-32',616,,4460,3,,,1,30,,4473,3,,,1,70,,4461,3,,,1,30,,4474,3,,,1,70,,4462,3,,,1,30,,4475,3,,,1,70,,4463,3,,,1,30,,4476,3,,,1,70,,4464,3,,,1,30,,4477,3,,,1,70,,4465,3,,,1,30,,4478,3,,,1,70,,4466,3,,,1,30,,4479,3,,,1,70,,4467,3,,,1,30,,4480,3,,,1,70,,4468,3,,,1,30,,4481,3,,,1,70,,4469,3,,,1,30,,4482,3,,,1,70,,4470,3,,,1,30,,4483,3,,,1,70,,4471,3,,,1,30,,4484,3,,,1,70,,4472,3,,,1,30,,4485,3,,,1
45000,'Weekday-33',616,,4487,3,,,1,30,,4500,3,,,1,70,,4488,3,,,1,30,,4501,3,,,1,70,,4489,3,,,1,30,,4502,3,,,1,70,,4490,3,,,1,30,,4503,3,,,1,70,,4491,3,,,1,30,,4504,3,,,1,70,,4492,3,,,1,30,,4505,3,,,1,70,,4493,3,,,1,30,,4506,3,,,1,70,,4494,3,,,1,30,,4507,3,,,1,70,,4495,3,,,1,30,,4508,3,,,1,70,,4496,3,,,1,30,,4509,3,,,1,70,,4497,3,,,1,30,,4510,3,,,1,70,,4498,3,,,1,30,,4511,3,,,1,70,,4499,3,,,1,30,,4512,3,,,1
