432019,'Weekday-12',557,,1197,0,5 10 16,1,70,,1211,0,5 10 16,1,30,,1198,0,5 10 16,1,70,,1212,0,5 10 16,1,30,,1199,0,5 10 16,1,70,,1213,0,5 10 16,1,30,,1200,0,5 10 16,1,70,,1214,0,5 10 16,1,30,,1201,0,5 10 16,1,70,,1215,0,5 10 16,1,30,,1202,0,5 10 16,1,70,,1216,0,5 10 16,1,30,,1203,0,5 10 16,1,70,,1217,0,5 10 16,1,30,,1204,0,5 10 16,1,70,,1218,0,5 10 16,1,30,,1205,0,5 10 16,1,70,,1219,0,5 10 16,1,30,,1206,0,5 10 16,1,70,,1220,0,5 10 16,1,30,,1207,0,5 10 16,1,70,,1221,0,5 10 16,1,30,,1208,0,5 10 16,1,70,,1222,0,5 10 16,1,30,,1209,0,5 10 16,1,70,,1223,0,5 10 16,1,30,,1210,0,5 10 16,1
432019,'Weekday-14',557,,1224,0,5 10 16,1,70,,1238,0,5 10 16,1,30,,1225,0,5 10 16,1,70,,1239,0,5 10 16,1,30,,1226,0,5 10 16,1,70,,1240,0,5 10 16,1,30,,1227,0,5 10 16,1,70,,1241,0,5 10 16,1,30,,1228,0,5 10 16,1,70,,1242,0,5 10 16,1,30,,1229,0,5 10 16,1,70,,1243,0,5 10 16,1,30,,1230,0,5 10 16,1,70,,1244,0,5 10 16,1,30,,1231,0,5 10 16,1,70,,1245,0,5 10 16,1,30,,1232,0,5 10 16,1,70,,1246,0,5 10 16,1,30,,1233,0,5 10 16,1,70,,1247,0,5 10 16,1,30,,1234,0,5 10 16,1,70,,1248,0,5 10 16,1,30,,1235,0,5 10 16,1,70,,1249,0,5 10 16,1,30,,1236,0,5 10 16,1,70,,1250,0,5 10 16,1,30,,1237,0,5 10 16,1
432019,'Weekday-15',557,,1251,0,5 10 16,1,70,,1265,0,5 10 16,1,30,,1252,0,5 10 16,1,70,,1266,0,5 10 16,1,30,,1253,0,5 10 16,1,70,,1267,0,5 10 16,1,30,,1254,0,5 10 16,1,70,,1268,0,5 10 16,1,30,,1255,0,5 10 16,1,70,,1269,0,5 10 16,1,30,,1256,0,5 10 16,1,70,,1270,0,5 10 16,1,30,,1257,0,5 10 16,1,70,,1271,0,5 10 16,1,30,,1258,0,5 10 16,1,70,,1272,0,5 10 16,1,30,,1259,0,5 10 16,1,70,,1273,0,5 10 16,1,30,,1260,0,5 10 16,1,70,,1274,0,5 10 16,1,30,,1261,0,5 10 16,1,70,,1275,0,5 10 16,1,30,,1262,0,5 10 16,1,70,,1276,0,5 10 16,1,30,,1263,0,5 10 16,1,70,,1277,0,5 10 16,1,30,,1264,0,5 10 16,1
432029,'Weekday-12',557,,1278,4,,1,70,,1292,4,,1,30,,1279,4,,1,70,,1293,4,,1,30,,1280,4,,1,70,,1294,4,,1,30,,1281,4,,1,70,,1295,4,,1,30,,1282,4,,1,70,,1296,4,,1,30,,1283,4,,1,70,,1297,4,,1,30,,1284,4,,1,70,,1298,4,,1,30,,1285,4,,1,70,,1299,4,,1,30,,1286,4,,1,70,,1300,4,,1,30,,1287,4,,1,70,,1301,4,,1,30,,1288,4,,1,70,,1302,4,,1,30,,1289,4,,1,70,,1303,4,,1,30,,1290,4,,1,70,,1304,4,,1,30,,1291,4,,1
432029,'Weekday-14',557,,1305,4,,1,70,,1319,4,,1,30,,1306,4,,1,70,,1320,4,,1,30,,1307,4,,1,70,,1321,4,,1,30,,1308,4,,1,70,,1322,4,,1,30,,1309,4,,1,70,,1323,4,,1,30,,1310,4,,1,70,,1324,4,,1,30,,1311,4,,1,70,,1325,4,,1,30,,1312,4,,1,70,,1326,4,,1,30,,1313,4,,1,70,,1327,4,,1,30,,1314,4,,1,70,,1328,4,,1,30,,1315,4,,1,70,,1329,4,,1,30,,1316,4,,1,70,,1330,4,,1,30,,1317,4,,1,70,,1331,4,,1,30,,1318,4,,1
432029,'Weekday-15',557,,1332,4,,1,70,,1346,4,,1,30,,1333,4,,1,70,,1347,4,,1,30,,1334,4,,1,70,,1348,4,,1,30,,1335,4,,1,70,,1349,4,,1,30,,1336,4,,1,70,,1350,4,,1,30,,1337,4,,1,70,,1351,4,,1,30,,1338,4,,1,70,,1352,4,,1,30,,1339,4,,1,70,,1353,4,,1,30,,1340,4,,1,70,,1354,4,,1,30,,1341,4,,1,70,,1355,4,,1,30,,1342,4,,1,70,,1356,4,,1,30,,1343,4,,1,70,,1357,4,,1,30,,1344,4,,1,70,,1358,4,,1,30,,1345,4,,1
1043300,'Weekday-12',758,,2421,0,6 7 8,1
1043300,'Weekday-15',758,,2423,0,6 7 8,1
1043301,'Weekday-12',1530,,2425,0,6 7 8,1
1043301,'Weekday-15',1430,,2427,0,6 7 8,1
