43000,'Weekday-13',608,,1082,23,,,1,30,,1071,34,,,1,70,,1084,34,,,1,30,,1072,34,,,1,70,,1085,34,,,1,30,,1073,34,,,1,70,,1086,34,,,1,30,,1074,34,,,1,70,,1087,34,,,1,30,,1075,34,,,1,70,,1088,34,,,1,30,,1076,34,,,1,70,,1089,34,,,1,30,,1077,34,,,1,70,,1090,34,,,1,30,,1078,34,,,1,70,,1091,34,,,1,30,,1079,34,,,1,70,,1092,34,,,1,30,,1080,34,,,1,70,,1093,34,,,1,30,,1070,34,,,1,70,,1081,34,,,1,30,,1068,34,,,1,70,,1083,34,,,1,30,,1069,34,,,1
43000,'Weekday-15',608,,1110,23,,,1,30,,1099,34,,,1,70,,1112,34,,,1,30,,1100,34,,,1,70,,1113,34,,,1,30,,1101,34,,,1,70,,1114,34,,,1,30,,1102,34,,,1,70,,1115,34,,,1,30,,1103,34,,,1,70,,1116,34,,,1,30,,1104,34,,,1,70,,1117,34,,,1,30,,1105,34,,,1,70,,1118,34,,,1,30,,1106,34,,,1,70,,1119,34,,,1,30,,1107,34,,,1,70,,1120,34,,,1,30,,1108,34,,,1,70,,1121,34,,,1,30,,1098,34,,,1,70,,1109,34,,,1,30,,1096,34,,,1,70,,1111,34,,,1,30,,1097,34,,,1
43000,'Weekday-16',608,,1136,23,,,1,30,,1125,34,,,1,70,,1138,34,,,1,30,,1126,34,,,1,70,,1139,34,,,1,30,,1127,34,,,1,70,,1140,34,,,1,30,,1128,34,,,1,70,,1141,34,,,1,30,,1129,34,,,1,70,,1142,34,,,1,30,,1130,34,,,1,70,,1143,34,,,1,30,,1131,34,,,1,70,,1144,34,,,1,30,,1132,34,,,1,70,,1145,34,,,1,30,,1133,34,,,1,70,,1146,34,,,1,30,,1134,34,,,1,70,,1147,34,,,1,30,,1124,34,,,1,70,,1135,34,,,1,30,,1122,34,,,1,70,,1137,34,,,1,30,,1123,34,,,1
43100,'Weekday-13',608,,1176,18,,,1,30,,1150,30,,,1,70,,1163,30,,,1,30,,1151,30,,,1,70,,1164,30,,,1,30,,1152,30,,,1,70,,1165,30,,,1,30,,1153,30,,,1,70,,1166,30,,,1,30,,1154,30,,,1,70,,1167,30,,,1,30,,1155,30,,,1,70,,1168,30,,,1,30,,1156,30,,,1,70,,1169,30,,,1,30,,1157,30,,,1,70,,1170,30,,,1,30,,1158,30,,,1,70,,1171,30,,,1,30,,1159,30,,,1,70,,1172,30,,,1,30,,1160,30,,,1,70,,1173,30,,,1,30,,1161,30,,,1,70,,1174,30,,,1,30,,1162,30,,,1,70,,1175,30,,,1
43100,'Weekday-15',608,,1203,18,,,1,30,,1177,30,,,1,70,,1190,30,,,1,30,,1178,30,,,1,70,,1191,30,,,1,30,,1179,30,,,1,70,,1192,30,,,1,30,,1180,30,,,1,70,,1193,30,,,1,30,,1181,30,,,1,70,,1194,30,,,1,30,,1182,30,,,1,70,,1195,30,,,1,30,,1183,30,,,1,70,,1196,30,,,1,30,,1184,30,,,1,70,,1197,30,,,1,30,,1185,30,,,1,70,,1198,30,,,1,30,,1186,30,,,1,70,,1199,30,,,1,30,,1187,30,,,1,70,,1200,30,,,1,30,,1188,30,,,1,70,,1201,30,,,1,30,,1189,30,,,1,70,,1202,30,,,1
43100,'Weekday-16',608,,1230,18,,,1,30,,1204,30,,,1,70,,1217,30,,,1,30,,1205,30,,,1,70,,1218,30,,,1,30,,1206,30,,,1,70,,1219,30,,,1,30,,1207,30,,,1,70,,1220,30,,,1,30,,1208,30,,,1,70,,1221,30,,,1,30,,1209,30,,,1,70,,1222,30,,,1,30,,1210,30,,,1,70,,1223,30,,,1,30,,1211,30,,,1,70,,1224,30,,,1,30,,1212,30,,,1,70,,1225,30,,,1,30,,1213,30,,,1,70,,1226,30,,,1,30,,1214,30,,,1,70,,1227,30,,,1,30,,1215,30,,,1,70,,1228,30,,,1,30,,1216,30,,,1,70,,1229,30,,,1
432019,'Weekday-13',608,,1231,11,,,1,30,,1245,11,,,1,70,,1232,11,,,1,30,,1246,11,,,1,70,,1233,11,,,1,30,,1247,11,,,1,70,,1234,11,,,1,30,,1248,11,,,1,70,,1235,11,,,1,30,,1249,11,,,1,70,,1236,11,,,1,30,,1250,11,,,1,70,,1237,11,,,1,30,,1251,11,,,1,70,,1238,11,,,1,30,,1252,11,,,1,70,,1239,11,,,1,30,,1253,11,,,1,70,,1240,11,,,1,30,,1254,11,,,1,70,,1241,11,,,1,30,,1255,11,,,1,70,,1242,11,,,1,30,,1256,11,,,1,70,,1243,11,,,1,30,,1257,11,,,1,70,,1244,11,,,1
432019,'Weekday-15',608,,1258,11,,,1,30,,1272,11,,,1,70,,1259,11,,,1,30,,1273,11,,,1,70,,1260,11,,,1,30,,1274,11,,,1,70,,1261,11,,,1,30,,1275,11,,,1,70,,1262,11,,,1,30,,1276,11,,,1,70,,1263,11,,,1,30,,1277,11,,,1,70,,1264,11,,,1,30,,1278,11,,,1,70,,1265,11,,,1,30,,1279,11,,,1,70,,1266,11,,,1,30,,1280,11,,,1,70,,1267,11,,,1,30,,1281,11,,,1,70,,1268,11,,,1,30,,1282,11,,,1,70,,1269,11,,,1,30,,1283,11,,,1,70,,1270,11,,,1,30,,1284,11,,,1,70,,1271,11,,,1
432029,'Weekday-16',608,,1353,11,,,1,30,,1380,11,,,1,70,,1354,11,,,1,30,,1381,11,,,1,70,,1355,11,,,1,30,,1382,11,,,1,70,,1356,11,,,1,30,,1383,11,,,1,70,,1357,11,,,1,30,,1384,11,,,1,70,,1358,11,,,1,30,,1385,11,,,1,70,,1359,11,,,1,30,,1386,11,,,1,70,,1360,11,,,1,30,,1387,11,,,1,70,,1361,11,,,1,30,,1388,11,,,1,70,,1362,11,,,1,30,,1389,11,,,1,70,,1363,11,,,1,30,,1390,11,,,1,70,,1364,11,,,1,30,,1391,11,,,1,70,,1365,11,,,1,30,,1392,11,,,1,70,,1366,11,,,1
433019,'Weekday-13',608,,1397,11,,,1,30,,1407,11,,,1,70,,1404,11,,,1,30,,1408,11,,,1,70,,1405,11,,,1,30,,1409,11,,,1,70,,1400,11,,,1,30,,1410,11,,,1,70,,1396,11,,,1,30,,1411,11,,,1,70,,1399,11,,,1,30,,1412,11,,,1,70,,1401,11,,,1,30,,1413,11,,,1,70,,1398,11,,,1,30,,1414,11,,,1,70,,1395,11,,,1,30,,1415,11,,,1,70,,1403,11,,,1,30,,1416,11,,,1,70,,1394,11,,,1,30,,1417,11,,,1,70,,1402,11,,,1,30,,1418,11,,,1,70,,1393,11,,,1,30,,1419,11,,,1,70,,1406,11,,,1
433019,'Weekday-15',608,,1424,11,,,1,30,,1434,11,,,1,70,,1431,11,,,1,30,,1435,11,,,1,70,,1432,11,,,1,30,,1436,11,,,1,70,,1427,11,,,1,30,,1437,11,,,1,70,,1423,11,,,1,30,,1438,11,,,1,70,,1426,11,,,1,30,,1439,11,,,1,70,,1428,11,,,1,30,,1440,11,,,1,70,,1425,11,,,1,30,,1441,11,,,1,70,,1422,11,,,1,30,,1442,11,,,1,70,,1430,11,,,1,30,,1443,11,,,1,70,,1421,11,,,1,30,,1444,11,,,1,70,,1429,11,,,1,30,,1445,11,,,1,70,,1420,11,,,1,30,,1446,11,,,1,70,,1433,11,,,1
433019,'Weekday-16',608,,1451,11,,,1,30,,1461,11,,,1,70,,1458,11,,,1,30,,1462,11,,,1,70,,1459,11,,,1,30,,1463,11,,,1,70,,1454,11,,,1,30,,1464,11,,,1,70,,1450,11,,,1,30,,1465,11,,,1,70,,1453,11,,,1,30,,1466,11,,,1,70,,1455,11,,,1,30,,1467,11,,,1,70,,1452,11,,,1,30,,1468,11,,,1,70,,1449,11,,,1,30,,1469,11,,,1,70,,1457,11,,,1,30,,1470,11,,,1,70,,1448,11,,,1,30,,1471,11,,,1,70,,1456,11,,,1,30,,1472,11,,,1,70,,1447,11,,,1,30,,1473,11,,,1,70,,1460,11,,,1
450019,'Weekday-13',608,,2140,11,,,1,30,,2128,11,,,1,70,,2142,11,,,1,30,,2129,11,,,1,70,,2143,11,,,1,30,,2130,11,,,1,70,,2144,11,,,1,30,,2131,11,,,1,70,,2145,11,,,1,30,,2141,11,,,1,70,,2146,11,,,1,30,,2132,11,,,1,70,,2147,11,,,1,30,,2133,11,,,1,70,,2148,11,,,1,30,,2134,11,,,1,70,,2149,11,,,1,30,,2135,11,,,1,70,,2150,11,,,1,30,,2136,11,,,1,70,,2151,11,,,1,30,,2137,11,,,1,70,,2152,11,,,1,30,,2138,11,,,1,70,,2153,11,,,1,30,,2139,11,,,1,70,,2154,11,,,1
450019,'Weekday-15',608,,2167,11,,,1,30,,2155,11,,,1,70,,2169,11,,,1,30,,2156,11,,,1,70,,2170,11,,,1,30,,2157,11,,,1,70,,2171,11,,,1,30,,2158,11,,,1,70,,2172,11,,,1,30,,2168,11,,,1,70,,2173,11,,,1,30,,2159,11,,,1,70,,2174,11,,,1,30,,2160,11,,,1,70,,2175,11,,,1,30,,2161,11,,,1,70,,2176,11,,,1,30,,2162,11,,,1,70,,2177,11,,,1,30,,2163,11,,,1,70,,2178,11,,,1,30,,2164,11,,,1,70,,2179,11,,,1,30,,2165,11,,,1,70,,2180,11,,,1,30,,2166,11,,,1,70,,2181,11,,,1
450019,'Weekday-16',608,,2194,11,,,1,30,,2182,11,,,1,70,,2196,11,,,1,30,,2183,11,,,1,70,,2197,11,,,1,30,,2184,11,,,1,70,,2198,11,,,1,30,,2185,11,,,1,70,,2199,11,,,1,30,,2195,11,,,1,70,,2200,11,,,1,30,,2186,11,,,1,70,,2201,11,,,1,30,,2187,11,,,1,70,,2202,11,,,1,30,,2188,11,,,1,70,,2203,11,,,1,30,,2189,11,,,1,70,,2204,11,,,1,30,,2190,11,,,1,70,,2205,11,,,1,30,,2191,11,,,1,70,,2206,11,,,1,30,,2192,11,,,1,70,,2207,11,,,1,30,,2193,11,,,1,70,,2208,11,,,1
