43200,'Weekday-13',557,,1285,6,4,,1,70,,1299,13,4,,1,30,,1286,13,4,,1,70,,1300,13,4,,1,30,,1287,13,4,,1,70,,1301,13,4,,1,30,,1288,13,4,,1,70,,1302,13,4,,1,30,,1289,13,4,,1,70,,1303,13,4,,1,30,,1290,13,4,,1,70,,1304,13,4,,1,30,,1291,13,4,,1,70,,1305,13,4,,1,30,,1292,13,4,,1,70,,1306,13,4,,1,30,,1293,13,4,,1,70,,1307,13,4,,1,30,,1294,13,4,,1,70,,1308,13,4,,1,30,,1295,13,4,,1,70,,1309,13,4,,1,30,,1296,13,4,,1,70,,1310,13,4,,1,30,,1297,13,4,,1,70,,1311,13,4,,1,30,,1298,13,4,,1
43200,'Weekday-15',557,,1312,6,4,,1,70,,1326,13,4,,1,30,,1313,13,4,,1,70,,1327,13,4,,1,30,,1314,13,4,,1,70,,1328,13,4,,1,30,,1315,13,4,,1,70,,1329,13,4,,1,30,,1316,13,4,,1,70,,1330,13,4,,1,30,,1317,13,4,,1,70,,1331,13,4,,1,30,,1318,13,4,,1,70,,1332,13,4,,1,30,,1319,13,4,,1,70,,1333,13,4,,1,30,,1320,13,4,,1,70,,1334,13,4,,1,30,,1321,13,4,,1,70,,1335,13,4,,1,30,,1322,13,4,,1,70,,1336,13,4,,1,30,,1323,13,4,,1,70,,1337,13,4,,1,30,,1324,13,4,,1,70,,1338,13,4,,1,30,,1325,13,4,,1
43200,'Weekday-16',557,,1339,6,4,,1,70,,1367,13,4,,1,30,,1340,13,4,,1,70,,1368,13,4,,1,30,,1341,13,4,,1,70,,1369,13,4,,1,30,,1342,13,4,,1,70,,1370,13,4,,1,30,,1343,13,4,,1,70,,1371,13,4,,1,30,,1344,13,4,,1,70,,1372,13,4,,1,30,,1345,13,4,,1,70,,1373,13,4,,1,30,,1346,13,4,,1,70,,1374,13,4,,1,30,,1347,13,4,,1,70,,1375,13,4,,1,30,,1348,13,4,,1,70,,1376,13,4,,1,30,,1349,13,4,,1,70,,1377,13,4,,1,30,,1350,13,4,,1,70,,1378,13,4,,1,30,,1351,13,4,,1,70,,1379,13,4,,1,30,,1352,13,4,,1
43201,'Weekday-13',557,,1231,1,,,1,70,,1245,1,,,1,30,,1232,1,,,1,70,,1246,1,,,1,30,,1233,1,,,1,70,,1247,1,,,1,30,,1234,1,,,1,70,,1248,1,,,1,30,,1235,1,,,1,70,,1249,1,,,1,30,,1236,1,,,1,70,,1250,1,,,1,30,,1237,1,,,1,70,,1251,1,,,1,30,,1238,1,,,1,70,,1252,1,,,1,30,,1239,1,,,1,70,,1253,1,,,1,30,,1240,1,,,1,70,,1254,1,,,1,30,,1241,1,,,1,70,,1255,1,,,1,30,,1242,1,,,1,70,,1256,1,,,1,30,,1243,1,,,1,70,,1257,1,,,1,30,,1244,1,,,1
43201,'Weekday-15',557,,1258,1,,,1,70,,1272,1,,,1,30,,1259,1,,,1,70,,1273,1,,,1,30,,1260,1,,,1,70,,1274,1,,,1,30,,1261,1,,,1,70,,1275,1,,,1,30,,1262,1,,,1,70,,1276,1,,,1,30,,1263,1,,,1,70,,1277,1,,,1,30,,1264,1,,,1,70,,1278,1,,,1,30,,1265,1,,,1,70,,1279,1,,,1,30,,1266,1,,,1,70,,1280,1,,,1,30,,1267,1,,,1,70,,1281,1,,,1,30,,1268,1,,,1,70,,1282,1,,,1,30,,1269,1,,,1,70,,1283,1,,,1,30,,1270,1,,,1,70,,1284,1,,,1,30,,1271,1,,,1
43201,'Weekday-16',557,,1353,1,0,16,1,70,,1380,1,0,16,1,30,,1354,1,0,16,1,70,,1381,1,0,16,1,30,,1355,1,0,16,1,70,,1382,1,0,16,1,30,,1356,1,0,16,1,70,,1383,1,0,16,1,30,,1357,1,0,16,1,70,,1384,1,0,16,1,30,,1358,1,0,16,1,70,,1385,1,0,16,1,30,,1359,1,0,16,1,70,,1386,1,0,16,1,30,,1360,1,0,16,1,70,,1387,1,0,16,1,30,,1361,1,0,16,1,70,,1388,1,0,16,1,30,,1362,1,0,16,1,70,,1389,1,0,16,1,30,,1363,1,0,16,1,70,,1390,1,0,16,1,30,,1364,1,0,16,1,70,,1391,1,0,16,1,30,,1365,1,0,16,1,70,,1392,1,0,16,1,30,,1366,1,0,16,1
1043300,'Weekday-13',758,,2455,20,0,13 10 11,1
1043300,'Weekday-16',758,,2457,20,0,13 10 11,1
1043301,'Weekday-13',1530,,2459,9,0,13 10 11,1
1043301,'Weekday-16',1430,,2461,9,0,13 10 11,1
