43000,'Blocking-Weekday-12-SCT-WIN25-1111100',616,,1037,,,1,30,,1050,,,1,70,,1038,,,1,30,,1051,,,1,70,,1039,,,1,3,,1061,0,5 10 14 15,1,27,,1052,,,1,70,,1040,,,1,30,,1053,,,1,70,,1041,,,1,30,,1054,,,1,70,,1042,,,1,30,,1055,,,1,70,,1043,,,1,30,,1056,,,1,70,,1044,,,1,30,,1057,,,1,70,,1045,,,1,30,,1058,,,1,70,,1046,,,1,30,,1059,,,1,70,,1036,,,1,30,,1047,,,1,70,,1034,,,1,30,,1049,,,1,70,,1035,,,1
43000,'Blocking-Weekday-14-SCT-WIN25-1111100',616,,1065,,,1,30,,1078,,,1,70,,1066,,,1,30,,1079,,,1,70,,1067,,,1,30,,1080,,,1,70,,1068,,,1,30,,1081,,,1,70,,1069,,,1,30,,1082,,,1,70,,1070,,,1,30,,1083,,,1,70,,1071,,,1,30,,1084,,,1,70,,1072,,,1,30,,1085,,,1,70,,1073,,,1,30,,1086,,,1,70,,1074,,,1,30,,1087,,,1,70,,1064,,,1,30,,1075,,,1,70,,1062,,,1,30,,1077,,,1,70,,1063,,,1
43000,'Blocking-Weekday-15-SCT-WIN25-1111100',616,,1092,,,1,30,,1105,,,1,70,,1093,,,1,30,,1106,,,1,70,,1094,,,1,3,,1115,0,5 10 14 15,1,27,,1107,,,1,70,,1095,,,1,30,,1108,,,1,70,,1096,,,1,30,,1109,,,1,70,,1097,,,1,30,,1110,,,1,70,,1098,,,1,30,,1111,,,1,70,,1099,,,1,30,,1112,,,1,70,,1100,,,1,30,,1113,,,1,70,,1101,,,1,30,,1114,,,1,70,,1091,,,1,30,,1102,,,1,70,,1089,,,1,30,,1104,,,1,70,,1090,,,1
43100,'Blocking-Weekday-12-SCT-WIN25-1111100',616,,1116,,,1,30,,1129,,,1,70,,1117,,,1,30,,1130,,,1,70,,1118,,,1,30,,1131,,,1,70,,1119,,,1,30,,1132,,,1,70,,1120,,,1,30,,1133,,,1,70,,1121,,,1,30,,1134,,,1,70,,1122,,,1,30,,1135,,,1,70,,1123,,,1,30,,1136,,,1,70,,1124,,,1,30,,1137,,,1,70,,1125,,,1,30,,1138,,,1,70,,1126,,,1,30,,1139,,,1,70,,1127,,,1,30,,1140,,,1,70,,1128,,,1,30,,1141,,,1
43100,'Blocking-Weekday-14-SCT-WIN25-1111100',616,,1143,,,1,30,,1156,,,1,70,,1144,,,1,30,,1157,,,1,70,,1145,,,1,30,,1158,,,1,70,,1146,,,1,30,,1159,,,1,70,,1147,,,1,30,,1160,,,1,70,,1148,,,1,30,,1161,,,1,70,,1149,,,1,30,,1162,,,1,70,,1150,,,1,30,,1163,,,1,70,,1151,,,1,30,,1164,,,1,70,,1152,,,1,30,,1165,,,1,70,,1153,,,1,30,,1166,,,1,70,,1154,,,1,30,,1167,,,1,70,,1155,,,1,30,,1168,,,1
43100,'Blocking-Weekday-15-SCT-WIN25-1111100',616,,1170,,,1,30,,1183,,,1,70,,1171,,,1,30,,1184,,,1,70,,1172,,,1,30,,1185,,,1,70,,1173,,,1,30,,1186,,,1,70,,1174,,,1,30,,1187,,,1,70,,1175,,,1,30,,1188,,,1,70,,1176,,,1,30,,1189,,,1,70,,1177,,,1,30,,1190,,,1,70,,1178,,,1,30,,1191,,,1,70,,1179,,,1,30,,1192,,,1,70,,1180,,,1,30,,1193,,,1,70,,1181,,,1,30,,1194,,,1,70,,1182,,,1,30,,1195,,,1
432029,'Blocking-Weekday-12-SCT-WIN25-1111100',616,,1292,0,5 10 16,1,30,,1279,0,5 10 16,1,70,,1293,0,5 10 16,1,30,,1280,0,5 10 16,1,70,,1294,0,5 10 16,1,30,,1281,0,5 10 16,1,70,,1295,0,5 10 16,1,30,,1282,0,5 10 16,1,70,,1296,0,5 10 16,1,30,,1283,0,5 10 16,1,70,,1297,0,5 10 16,1,30,,1284,0,5 10 16,1,70,,1298,0,5 10 16,1,30,,1285,0,5 10 16,1,70,,1299,0,5 10 16,1,30,,1286,0,5 10 16,1,70,,1300,0,5 10 16,1,30,,1287,0,5 10 16,1,70,,1301,0,5 10 16,1,30,,1288,0,5 10 16,1,70,,1302,0,5 10 16,1,30,,1289,0,5 10 16,1,70,,1303,0,5 10 16,1,30,,1290,0,5 10 16,1,70,,1304,0,5 10 16,1,30,,1291,0,5 10 16,1
432029,'Blocking-Weekday-14-SCT-WIN25-1111100',616,,1319,0,5 10 16,1,30,,1306,0,5 10 16,1,70,,1320,0,5 10 16,1,30,,1307,0,5 10 16,1,70,,1321,0,5 10 16,1,30,,1308,0,5 10 16,1,70,,1322,0,5 10 16,1,30,,1309,0,5 10 16,1,70,,1323,0,5 10 16,1,30,,1310,0,5 10 16,1,70,,1324,0,5 10 16,1,30,,1311,0,5 10 16,1,70,,1325,0,5 10 16,1,30,,1312,0,5 10 16,1,70,,1326,0,5 10 16,1,30,,1313,0,5 10 16,1,70,,1327,0,5 10 16,1,30,,1314,0,5 10 16,1,70,,1328,0,5 10 16,1,30,,1315,0,5 10 16,1,70,,1329,0,5 10 16,1,30,,1316,0,5 10 16,1,70,,1330,0,5 10 16,1,30,,1317,0,5 10 16,1,70,,1331,0,5 10 16,1,30,,1318,0,5 10 16,1
432029,'Blocking-Weekday-15-SCT-WIN25-1111100',616,,1346,0,5 10 16,1,30,,1333,0,5 10 16,1,70,,1347,0,5 10 16,1,30,,1334,0,5 10 16,1,70,,1348,0,5 10 16,1,30,,1335,0,5 10 16,1,70,,1349,0,5 10 16,1,30,,1336,0,5 10 16,1,70,,1350,0,5 10 16,1,30,,1337,0,5 10 16,1,70,,1351,0,5 10 16,1,30,,1338,0,5 10 16,1,70,,1352,0,5 10 16,1,30,,1339,0,5 10 16,1,70,,1353,0,5 10 16,1,30,,1340,0,5 10 16,1,70,,1354,0,5 10 16,1,30,,1341,0,5 10 16,1,70,,1355,0,5 10 16,1,30,,1342,0,5 10 16,1,70,,1356,0,5 10 16,1,30,,1343,0,5 10 16,1,70,,1357,0,5 10 16,1,30,,1344,0,5 10 16,1,70,,1358,0,5 10 16,1,30,,1345,0,5 10 16,1
433029,'Blocking-Weekday-12-SCT-WIN25-1111100',616,,1454,,,1,30,,1441,,,1,70,,1455,,,1,30,,1442,,,1,70,,1456,,,1,30,,1443,,,1,70,,1457,,,1,30,,1444,,,1,70,,1458,,,1,30,,1445,,,1,70,,1459,,,1,30,,1446,,,1,70,,1460,,,1,30,,1447,,,1,70,,1461,,,1,30,,1448,,,1,70,,1462,,,1,30,,1449,,,1,70,,1463,,,1,30,,1450,,,1,70,,1464,,,1,30,,1451,,,1,70,,1465,,,1,30,,1452,,,1,70,,1466,,,1,30,,1440,,,1
433029,'Blocking-Weekday-14-SCT-WIN25-1111100',616,,1481,,,1,30,,1468,,,1,70,,1482,,,1,30,,1469,,,1,70,,1483,,,1,30,,1470,,,1,70,,1484,,,1,30,,1471,,,1,70,,1485,,,1,30,,1472,,,1,70,,1486,,,1,30,,1473,,,1,70,,1487,,,1,30,,1474,,,1,70,,1488,,,1,30,,1475,,,1,70,,1489,,,1,30,,1476,,,1,70,,1490,,,1,30,,1477,,,1,70,,1491,,,1,30,,1478,,,1,70,,1492,,,1,30,,1479,,,1,70,,1493,,,1,30,,1467,,,1
433029,'Blocking-Weekday-15-SCT-WIN25-1111100',616,,1508,,,1,30,,1495,,,1,70,,1509,,,1,30,,1496,,,1,70,,1510,,,1,30,,1497,,,1,70,,1511,,,1,30,,1498,,,1,70,,1512,,,1,30,,1499,,,1,70,,1513,,,1,30,,1500,,,1,70,,1514,,,1,30,,1501,,,1,70,,1515,,,1,30,,1502,,,1,70,,1516,,,1,30,,1503,,,1,70,,1517,,,1,30,,1504,,,1,70,,1518,,,1,30,,1505,,,1,70,,1519,,,1,30,,1506,,,1,70,,1520,,,1,30,,1494,,,1
450029,'Blocking-Weekday-12-SCT-WIN25-1111100',616,,2176,,,1,30,,2189,,,1,70,,2177,,,1,30,,2190,,,1,70,,2178,,,1,30,,2191,,,1,70,,2179,,,1,30,,2192,,,1,70,,2180,,,1,30,,2193,,,1,70,,2181,,,1,30,,2194,,,1,70,,2182,,,1,30,,2195,,,1,70,,2183,,,1,30,,2196,,,1,70,,2184,,,1,30,,2197,,,1,70,,2185,,,1,30,,2198,,,1,70,,2186,,,1,30,,2199,,,1,70,,2187,,,1,30,,2200,,,1,70,,2188,,,1,30,,2201,,,1
450029,'Blocking-Weekday-14-SCT-WIN25-1111100',616,,2203,,,1,30,,2216,,,1,70,,2204,,,1,30,,2217,,,1,70,,2205,,,1,30,,2218,,,1,70,,2206,,,1,30,,2219,,,1,70,,2207,,,1,30,,2220,,,1,70,,2208,,,1,30,,2221,,,1,70,,2209,,,1,30,,2222,,,1,70,,2210,,,1,30,,2223,,,1,70,,2211,,,1,30,,2224,,,1,70,,2212,,,1,30,,2225,,,1,70,,2213,,,1,30,,2226,,,1,70,,2214,,,1,30,,2227,,,1,70,,2215,,,1,30,,2228,,,1
450029,'Blocking-Weekday-15-SCT-WIN25-1111100',616,,2230,,,1,30,,2243,,,1,70,,2231,,,1,30,,2244,,,1,70,,2232,,,1,30,,2245,,,1,70,,2233,,,1,30,,2246,,,1,70,,2234,,,1,30,,2247,,,1,70,,2235,,,1,30,,2248,,,1,70,,2236,,,1,30,,2249,,,1,70,,2237,,,1,30,,2250,,,1,70,,2238,,,1,30,,2251,,,1,70,,2239,,,1,30,,2252,,,1,70,,2240,,,1,30,,2253,,,1,70,,2241,,,1,30,,2254,,,1,70,,2242,,,1,30,,2255,,,1
