43000,'Weekday-30',608,,3386,22,,,1,30,,3375,33,,,1,70,,3388,33,,,1,30,,3376,33,,,1,70,,3389,33,,,1,30,,3377,33,,,1,70,,3390,33,,,1,30,,3378,33,,,1,70,,3391,33,,,1,30,,3379,33,,,1,70,,3392,33,,,1,30,,3380,33,,,1,70,,3393,33,,,1,30,,3381,33,,,1,70,,3394,33,,,1,30,,3382,33,,,1,70,,3395,33,,,1,30,,3383,33,,,1,70,,3396,33,,,1,30,,3384,33,,,1,70,,3397,33,,,1,30,,3374,33,,,1,70,,3385,33,,,1,30,,3372,33,,,1,70,,3387,33,,,1,30,,3373,33,,,1
43000,'Weekday-32',608,,3412,22,,,1,30,,3401,33,,,1,70,,3414,33,,,1,30,,3402,33,,,1,70,,3415,33,,,1,30,,3403,33,,,1,70,,3416,33,,,1,30,,3404,33,,,1,70,,3417,33,,,1,30,,3405,33,,,1,70,,3418,33,,,1,30,,3406,33,,,1,70,,3419,33,,,1,30,,3407,33,,,1,70,,3420,33,,,1,30,,3408,33,,,1,70,,3421,33,,,1,30,,3409,33,,,1,70,,3422,33,,,1,30,,3410,33,,,1,70,,3423,33,,,1,30,,3400,33,,,1,70,,3411,33,,,1,30,,3398,33,,,1,70,,3413,33,,,1,30,,3399,33,,,1
43000,'Weekday-33',608,,3440,22,,,1,30,,3429,33,,,1,70,,3442,33,,,1,30,,3430,33,,,1,70,,3443,33,,,1,30,,3431,33,,,1,70,,3444,33,,,1,30,,3432,33,,,1,70,,3445,33,,,1,30,,3433,33,,,1,70,,3446,33,,,1,30,,3434,33,,,1,70,,3447,33,,,1,30,,3435,33,,,1,70,,3448,33,,,1,30,,3436,33,,,1,70,,3449,33,,,1,30,,3437,33,,,1,70,,3450,33,,,1,30,,3438,33,,,1,70,,3451,33,,,1,30,,3428,33,,,1,70,,3439,33,,,1,30,,3426,33,,,1,70,,3441,33,,,1,30,,3427,33,,,1
43100,'Weekday-30',607,,3480,17,,,1,30,,3454,29,,,1,70,,3467,29,,,1,30,,3455,29,,,1,70,,3468,29,,,1,30,,3456,29,,,1,70,,3469,29,,,1,30,,3457,29,,,1,70,,3470,29,,,1,30,,3458,29,,,1,70,,3471,29,,,1,30,,3459,29,,,1,70,,3472,29,,,1,30,,3460,29,,,1,70,,3473,29,,,1,30,,3461,29,,,1,70,,3474,29,,,1,30,,3462,29,,,1,70,,3475,29,,,1,30,,3463,29,,,1,70,,3476,29,,,1,30,,3464,29,,,1,70,,3477,29,,,1,30,,3465,29,,,1,70,,3478,29,,,1,30,,3466,29,,,1,70,,3479,29,,,1
43100,'Weekday-32',607,,3507,17,,,1,30,,3481,29,,,1,70,,3494,29,,,1,30,,3482,29,,,1,70,,3495,29,,,1,30,,3483,29,,,1,70,,3496,29,,,1,30,,3484,29,,,1,70,,3497,29,,,1,30,,3485,29,,,1,70,,3498,29,,,1,30,,3486,29,,,1,70,,3499,29,,,1,30,,3487,29,,,1,70,,3500,29,,,1,30,,3488,29,,,1,70,,3501,29,,,1,30,,3489,29,,,1,70,,3502,29,,,1,30,,3490,29,,,1,70,,3503,29,,,1,30,,3491,29,,,1,70,,3504,29,,,1,30,,3492,29,,,1,70,,3505,29,,,1,30,,3493,29,,,1,70,,3506,29,,,1
43100,'Weekday-33',607,,3534,17,,,1,30,,3508,29,,,1,70,,3521,29,,,1,30,,3509,29,,,1,70,,3522,29,,,1,30,,3510,29,,,1,70,,3523,29,,,1,30,,3511,29,,,1,70,,3524,29,,,1,30,,3512,29,,,1,70,,3525,29,,,1,30,,3513,29,,,1,70,,3526,29,,,1,30,,3514,29,,,1,70,,3527,29,,,1,30,,3515,29,,,1,70,,3528,29,,,1,30,,3516,29,,,1,70,,3529,29,,,1,30,,3517,29,,,1,70,,3530,29,,,1,30,,3518,29,,,1,70,,3531,29,,,1,30,,3519,29,,,1,70,,3532,29,,,1,30,,3520,29,,,1,70,,3533,29,,,1
43301,'Weekday-30',608,,3782,10,,,1,30,,3792,10,,,1,70,,3789,10,,,1,30,,3793,10,,,1,70,,3790,10,,,1,30,,3794,10,,,1,70,,3785,10,,,1,30,,3795,10,,,1,70,,3781,10,,,1,30,,3796,10,,,1,70,,3784,10,,,1,30,,3797,10,,,1,70,,3786,10,,,1,30,,3798,10,,,1,70,,3783,10,,,1,30,,3799,10,,,1,70,,3780,10,,,1,30,,3800,10,,,1,70,,3788,10,,,1,30,,3801,10,,,1,70,,3779,10,,,1,30,,3802,10,,,1,70,,3787,10,,,1,30,,3803,10,,,1,70,,3778,10,,,1,30,,3804,10,,,1,70,,3791,10,,,1
43301,'Weekday-32',608,,3809,10,,,1,30,,3819,10,,,1,70,,3816,10,,,1,30,,3820,10,,,1,70,,3817,10,,,1,30,,3821,10,,,1,70,,3812,10,,,1,30,,3822,10,,,1,70,,3808,10,,,1,30,,3823,10,,,1,70,,3811,10,,,1,30,,3824,10,,,1,70,,3813,10,,,1,30,,3825,10,,,1,70,,3810,10,,,1,30,,3826,10,,,1,70,,3807,10,,,1,30,,3827,10,,,1,70,,3815,10,,,1,30,,3828,10,,,1,70,,3806,10,,,1,30,,3829,10,,,1,70,,3814,10,,,1,30,,3830,10,,,1,70,,3805,10,,,1,30,,3831,10,,,1,70,,3818,10,,,1
43301,'Weekday-33',608,,3836,10,,,1,30,,3846,10,,,1,70,,3843,10,,,1,30,,3847,10,,,1,70,,3844,10,,,1,30,,3848,10,,,1,70,,3839,10,,,1,30,,3849,10,,,1,70,,3835,10,,,1,30,,3850,10,,,1,70,,3838,10,,,1,30,,3851,10,,,1,70,,3840,10,,,1,30,,3852,10,,,1,70,,3837,10,,,1,30,,3853,10,,,1,70,,3834,10,,,1,30,,3854,10,,,1,70,,3842,10,,,1,30,,3855,10,,,1,70,,3833,10,,,1,30,,3856,10,,,1,70,,3841,10,,,1,30,,3857,10,,,1,70,,3832,10,,,1,30,,3858,10,,,1,70,,3845,10,,,1
45001,'Weekday-30',607,,4525,10,,,1,30,,4513,10,,,1,70,,4527,10,,,1,30,,4514,10,,,1,70,,4528,10,,,1,30,,4515,10,,,1,70,,4529,10,,,1,30,,4516,10,,,1,70,,4530,10,,,1,30,,4526,10,,,1,70,,4531,10,,,1,30,,4517,10,,,1,70,,4532,10,,,1,30,,4518,10,,,1,70,,4533,10,,,1,30,,4519,10,,,1,70,,4534,10,,,1,30,,4520,10,,,1,70,,4535,10,,,1,30,,4521,10,,,1,70,,4536,10,,,1,30,,4522,10,,,1,70,,4537,10,,,1,30,,4523,10,,,1,70,,4538,10,,,1,30,,4524,10,,,1,70,,4539,10,,,1
45001,'Weekday-32',607,,4552,10,,,1,30,,4540,10,,,1,70,,4554,10,,,1,30,,4541,10,,,1,70,,4555,10,,,1,30,,4542,10,,,1,70,,4556,10,,,1,30,,4543,10,,,1,70,,4557,10,,,1,30,,4553,10,,,1,70,,4558,10,,,1,30,,4544,10,,,1,70,,4559,10,,,1,30,,4545,10,,,1,70,,4560,10,,,1,30,,4546,10,,,1,70,,4561,10,,,1,30,,4547,10,,,1,70,,4562,10,,,1,30,,4548,10,,,1,70,,4563,10,,,1,30,,4549,10,,,1,70,,4564,10,,,1,30,,4550,10,,,1,70,,4565,10,,,1,30,,4551,10,,,1,70,,4566,10,,,1
45001,'Weekday-33',607,,4579,10,,,1,30,,4567,10,,,1,70,,4581,10,,,1,30,,4568,10,,,1,70,,4582,10,,,1,30,,4569,10,,,1,70,,4583,10,,,1,30,,4570,10,,,1,70,,4584,10,,,1,30,,4580,10,,,1,70,,4585,10,,,1,30,,4571,10,,,1,70,,4586,10,,,1,30,,4572,10,,,1,70,,4587,10,,,1,30,,4573,10,,,1,70,,4588,10,,,1,30,,4574,10,,,1,70,,4589,10,,,1,30,,4575,10,,,1,70,,4590,10,,,1,30,,4576,10,,,1,70,,4591,10,,,1,30,,4577,10,,,1,70,,4592,10,,,1,30,,4578,10,,,1,70,,4593,10,,,1
