41100,'Saturday-10',715,,4893,1,,,1,100,,4894,1,,,1,100,,4895,1,,,1,100,,4896,1,,,1,100,,4897,1,,,1,100,,4898,1,,,1,100,,4899,1,,,1,100,,4900,1,,,1,100,,4901,1,,,1,100,,4902,1,,,1,100,,4903,1,,,1,100,,4904,1,,,1,100,,4905,1,,,1,100,,4906,1,,,1,100,,4907,1,,,1,100,,4908,1,,,1,100,,4909,1,,,1
41100,'Saturday-11',715,,4920,1,,,1,100,,4921,1,,,1,100,,4922,1,,,1,100,,4923,1,,,1,100,,4924,1,,,1,100,,4925,1,,,1,100,,4926,1,,,1,100,,4910,1,,,1,100,,4911,1,,,1,100,,4912,1,,,1,100,,4913,1,,,1,100,,4914,1,,,1,100,,4915,1,,,1,100,,4916,1,,,1,100,,4917,1,,,1,100,,4918,1,,,1,100,,4919,1,,,1
41100,'Saturday-12',715,,4927,1,,,1,100,,4928,1,,,1,100,,4929,1,,,1,100,,4930,1,,,1,100,,4931,1,,,1,100,,4932,1,,,1,100,,4933,1,,,1,100,,4934,1,,,1,100,,4935,1,,,1,100,,4936,1,,,1,100,,4937,1,,,1,100,,4938,1,,,1,100,,4939,1,,,1,100,,4940,1,,,1,100,,4941,1,,,1,100,,4942,1,,,1,100,,4943,1,,,1
41100,'Saturday-14',715,,4944,1,,,1,100,,4945,1,,,1,100,,4946,1,,,1,100,,4947,1,,,1,100,,4948,1,,,1,100,,4949,1,,,1,100,,4950,1,,,1,100,,4958,1,,,1,100,,4959,1,,,1,100,,4960,1,,,1,100,,4951,1,,,1,100,,4952,1,,,1,100,,4953,1,,,1,100,,4954,1,,,1,100,,4955,1,,,1,100,,4956,1,,,1,100,,4957,1,,,1
41100,'Sunday-3',815,,4961,1,,,1,100,,4962,1,,,1,100,,4963,1,,,1,100,,4964,1,,,1,100,,4965,1,,,1,100,,4966,1,,,1,100,,4967,1,,,1,100,,4968,1,,,1,100,,4969,1,,,1,100,,4970,1,,,1,100,,4971,1,,,1,100,,4972,1,,,1
41100,'Sunday-4',815,,4973,1,,,1,100,,4974,1,,,1,100,,4975,1,,,1,100,,4976,1,,,1,100,,4977,1,,,1,100,,4978,1,,,1,100,,4979,1,,,1,100,,4980,1,,,1,100,,4981,1,,,1,100,,4982,1,,,1,100,,4983,1,,,1,100,,4984,1,,,1
41100,'Weekday-8',540,,5025,1,,,1,60,,4999,1,,,1,15,,4991,1,,,1,15,,5004,1,,,1,15,,5021,1,,,1,55,,4989,1,,,1,15,,4985,1,,,1,15,,4992,1,,,1,15,,5005,1,,,1,55,,5022,1,,,1,15,,4990,1,,,1,15,,4986,1,,,1,15,,4993,1,,,1,55,,5006,1,,,1,15,,5023,1,,,1,30,,4987,1,,,1,70,,4994,1,,,1,30,,5024,1,,,1,70,,4988,1,,,1,30,,4995,1,,,1,70,,5018,1,,,1,30,,5000,1,,,1,70,,4996,1,,,1,30,,5019,1,,,1,70,,5001,1,,,1,30,,4997,1,,,1,70,,5020,1,,,1,30,,5002,1,,,1,70,,5007,1,,,1,15,,5016,1,,,1,15,,5009,1,,,1,55,,5003,1,,,1,15,,4998,1,,,1,15,,5008,1,,,1,15,,5017,1,,,1,70,,5010,1,,,1,30,,5026,1,,,1,70,,5011,1,,,1,100,,5012,1,,,1,100,,5013,1,,,1,100,,5014,1,,,1,100,,5015,1,,,1
41101,'Saturday-10',810,,5027,13,4,,1,100,,5028,13,4,,1,100,,5029,13,4,,1,100,,5030,13,4,,1,100,,5031,13,4,,1,100,,5032,13,4,,1,100,,5033,13,4,,1,100,,5034,13,4,,1,100,,5035,13,4,,1,100,,5036,13,4,,1,100,,5037,13,4,,1,100,,5038,13,4,,1,100,,5039,13,4,,1,100,,5040,13,4,,1,100,,5041,13,4,,1,100,,5042,13,4,,1,100,,5043,13,4,,1
41101,'Saturday-11',810,,5054,13,4,,1,100,,5055,13,4,,1,100,,5056,13,4,,1,100,,5057,13,4,,1,100,,5058,13,4,,1,100,,5059,13,4,,1,100,,5060,13,4,,1,100,,5044,13,4,,1,100,,5045,13,4,,1,100,,5046,13,4,,1,100,,5047,13,4,,1,100,,5048,13,4,,1,100,,5049,13,4,,1,100,,5050,13,4,,1,100,,5051,13,4,,1,100,,5052,13,4,,1,100,,5053,13,4,,1
41101,'Saturday-12',810,,5061,13,4,,1,100,,5062,13,4,,1,100,,5063,13,4,,1,100,,5064,13,4,,1,100,,5065,13,4,,1,100,,5066,13,4,,1,100,,5067,13,4,,1,100,,5068,13,4,,1,100,,5069,13,4,,1,100,,5070,13,4,,1,100,,5071,13,4,,1,100,,5072,13,4,,1,100,,5073,13,4,,1,100,,5074,13,4,,1,100,,5075,13,4,,1,100,,5076,13,4,,1,100,,5077,13,4,,1
41101,'Saturday-14',810,,5078,13,4,,1,100,,5079,13,4,,1,100,,5080,13,4,,1,100,,5081,13,4,,1,100,,5082,13,4,,1,100,,5083,13,4,,1,100,,5084,13,4,,1,100,,5092,13,4,,1,100,,5093,13,4,,1,100,,5094,13,4,,1,100,,5085,13,4,,1,100,,5086,13,4,,1,100,,5087,13,4,,1,100,,5088,13,4,,1,100,,5089,13,4,,1,100,,5090,13,4,,1,100,,5091,13,4,,1
41101,'Sunday-3',910,,5095,13,4,,1,100,,5096,13,4,,1,100,,5097,13,4,,1,100,,5098,13,4,,1,100,,5099,13,4,,1,100,,5100,13,4,,1,100,,5101,13,4,,1,100,,5102,13,4,,1,100,,5103,13,4,,1,100,,5104,13,4,,1,100,,5105,13,4,,1,100,,5106,13,4,,1
41101,'Sunday-4',910,,5107,13,4,,1,100,,5108,13,4,,1,100,,5109,13,4,,1,100,,5110,13,4,,1,100,,5111,13,4,,1,100,,5112,13,4,,1,100,,5113,13,4,,1,100,,5114,13,4,,1,100,,5115,13,4,,1,100,,5116,13,4,,1,100,,5117,13,4,,1,100,,5118,13,4,,1
41101,'Weekday-8',640,,5157,13,4,,1,70,,5131,13,4,,1,15,,5123,13,4,,1,15,,5137,13,4,,1,15,,5153,13,4,,1,55,,5122,13,4,,1,15,,5119,13,4,,1,15,,5124,13,4,,1,70,,5154,13,4,,1,30,,5120,13,4,,1,69,,5125,13,4,,1,30,,5155,13,4,,1,71,,5121,13,4,,1,30,,5126,13,4,,1,70,,5156,13,4,,1,30,,5132,13,4,,1,70,,5127,13,4,,1,30,,5150,13,4,,1,70,,5133,13,4,,1,30,,5128,13,4,,1,70,,5151,13,4,,1,30,,5134,13,4,,1,15,,5129,13,4,,1,55,,5138,13,4,,1,15,,5152,13,4,,1,15,,5141,13,4,,1,15,,5135,13,4,,1,55,,5130,13,4,,1,15,,5139,13,4,,1,15,,5149,13,4,,1,15,,5142,13,4,,1,55,,5136,13,4,,1,30,,5140,13,4,,1,70,,5144,13,4,,1,100,,5145,13,4,,1,100,,5146,13,4,,1,100,,5147,13,4,,1,100,,5148,13,4,,1,100,,5143,13,4,,1
