43000,'Weekday-13',616,,3500,,,1,30,,3513,,,1,70,,3501,,,1,30,,3514,,,1,70,,3502,,,1,6,,3524,0,5 10 14 15,1,24,,3515,,,1,70,,3503,,,1,30,,3516,,,1,70,,3504,,,1,30,,3517,,,1,70,,3505,,,1,30,,3518,,,1,70,,3506,,,1,30,,3519,,,1,70,,3507,,,1,30,,3520,,,1,70,,3508,,,1,30,,3521,,,1,70,,3509,,,1,30,,3522,,,1,70,,3499,,,1,30,,3510,,,1,70,,3497,,,1,30,,3512,,,1,70,,3498,,,1
43000,'Weekday-15',616,,3528,,,1,30,,3541,,,1,70,,3529,,,1,30,,3542,,,1,70,,3530,,,1,30,,3543,,,1,70,,3531,,,1,30,,3544,,,1,70,,3532,,,1,30,,3545,,,1,70,,3533,,,1,30,,3546,,,1,70,,3534,,,1,30,,3547,,,1,70,,3535,,,1,30,,3548,,,1,70,,3536,,,1,30,,3549,,,1,70,,3537,,,1,30,,3550,,,1,70,,3527,,,1,30,,3538,,,1,70,,3525,,,1,30,,3540,,,1,70,,3526,,,1
43000,'Weekday-16',616,,3554,,,1,30,,3567,,,1,70,,3555,,,1,30,,3568,,,1,70,,3556,,,1,6,,3578,0,5 10 14 15,1,24,,3569,,,1,70,,3557,,,1,30,,3570,,,1,70,,3558,,,1,30,,3571,,,1,70,,3559,,,1,30,,3572,,,1,70,,3560,,,1,30,,3573,,,1,70,,3561,,,1,30,,3574,,,1,70,,3562,,,1,30,,3575,,,1,70,,3563,,,1,30,,3576,,,1,70,,3553,,,1,30,,3564,,,1,70,,3551,,,1,30,,3566,,,1,70,,3552,,,1
43100,'Weekday-13',616,,3579,,,1,30,,3592,,,1,70,,3580,,,1,30,,3593,,,1,70,,3581,,,1,30,,3594,,,1,70,,3582,,,1,30,,3595,,,1,70,,3583,,,1,30,,3596,,,1,70,,3584,,,1,30,,3597,,,1,70,,3585,,,1,30,,3598,,,1,70,,3586,,,1,30,,3599,,,1,70,,3587,,,1,30,,3600,,,1,70,,3588,,,1,30,,3601,,,1,70,,3589,,,1,30,,3602,,,1,70,,3590,,,1,30,,3603,,,1,70,,3591,,,1,30,,3604,,,1
43100,'Weekday-15',616,,3606,,,1,30,,3619,,,1,70,,3607,,,1,30,,3620,,,1,70,,3608,,,1,30,,3621,,,1,70,,3609,,,1,30,,3622,,,1,70,,3610,,,1,30,,3623,,,1,70,,3611,,,1,30,,3624,,,1,70,,3612,,,1,30,,3625,,,1,70,,3613,,,1,30,,3626,,,1,70,,3614,,,1,30,,3627,,,1,70,,3615,,,1,30,,3628,,,1,70,,3616,,,1,30,,3629,,,1,70,,3617,,,1,30,,3630,,,1,70,,3618,,,1,30,,3631,,,1
43100,'Weekday-16',616,,3633,,,1,30,,3646,,,1,70,,3634,,,1,30,,3647,,,1,70,,3635,,,1,30,,3648,,,1,70,,3636,,,1,30,,3649,,,1,70,,3637,,,1,30,,3650,,,1,70,,3638,,,1,30,,3651,,,1,70,,3639,,,1,30,,3652,,,1,70,,3640,,,1,30,,3653,,,1,70,,3641,,,1,30,,3654,,,1,70,,3642,,,1,30,,3655,,,1,70,,3643,,,1,30,,3656,,,1,70,,3644,,,1,30,,3657,,,1,70,,3645,,,1,30,,3658,,,1
433029,'Weekday-13',616,,3917,,,1,30,,3904,,,1,70,,3918,,,1,30,,3905,,,1,70,,3919,,,1,30,,3906,,,1,70,,3920,,,1,30,,3907,,,1,70,,3921,,,1,30,,3908,,,1,70,,3922,,,1,30,,3909,,,1,70,,3923,,,1,30,,3910,,,1,70,,3924,,,1,30,,3911,,,1,70,,3925,,,1,30,,3912,,,1,70,,3926,,,1,30,,3913,,,1,70,,3927,,,1,30,,3914,,,1,70,,3928,,,1,30,,3915,,,1,70,,3929,,,1,30,,3903,,,1
433029,'Weekday-15',616,,3944,,,1,30,,3931,,,1,70,,3945,,,1,30,,3932,,,1,70,,3946,,,1,30,,3933,,,1,70,,3947,,,1,30,,3934,,,1,70,,3948,,,1,30,,3935,,,1,70,,3949,,,1,30,,3936,,,1,70,,3950,,,1,30,,3937,,,1,70,,3951,,,1,30,,3938,,,1,70,,3952,,,1,30,,3939,,,1,70,,3953,,,1,30,,3940,,,1,70,,3954,,,1,30,,3941,,,1,70,,3955,,,1,30,,3942,,,1,70,,3956,,,1,30,,3930,,,1
433029,'Weekday-16',616,,3971,,,1,30,,3958,,,1,70,,3972,,,1,30,,3959,,,1,70,,3973,,,1,30,,3960,,,1,70,,3974,,,1,30,,3961,,,1,70,,3975,,,1,30,,3962,,,1,70,,3976,,,1,30,,3963,,,1,70,,3977,,,1,30,,3964,,,1,70,,3978,,,1,30,,3965,,,1,70,,3979,,,1,30,,3966,,,1,70,,3980,,,1,30,,3967,,,1,70,,3981,,,1,30,,3968,,,1,70,,3982,,,1,30,,3969,,,1,70,,3983,,,1,30,,3957,,,1
450029,'Weekday-13',616,,4639,,,1,30,,4652,,,1,70,,4640,,,1,30,,4653,,,1,70,,4641,,,1,30,,4654,,,1,70,,4642,,,1,30,,4655,,,1,70,,4643,,,1,30,,4656,,,1,70,,4644,,,1,30,,4657,,,1,70,,4645,,,1,30,,4658,,,1,70,,4646,,,1,30,,4659,,,1,70,,4647,,,1,30,,4660,,,1,70,,4648,,,1,30,,4661,,,1,70,,4649,,,1,30,,4662,,,1,70,,4650,,,1,30,,4663,,,1,70,,4651,,,1,30,,4664,,,1
450029,'Weekday-15',616,,4666,,,1,30,,4679,,,1,70,,4667,,,1,30,,4680,,,1,70,,4668,,,1,30,,4681,,,1,70,,4669,,,1,30,,4682,,,1,70,,4670,,,1,30,,4683,,,1,70,,4671,,,1,30,,4684,,,1,70,,4672,,,1,30,,4685,,,1,70,,4673,,,1,30,,4686,,,1,70,,4674,,,1,30,,4687,,,1,70,,4675,,,1,30,,4688,,,1,70,,4676,,,1,30,,4689,,,1,70,,4677,,,1,30,,4690,,,1,70,,4678,,,1,30,,4691,,,1
450029,'Weekday-16',616,,4693,,,1,30,,4706,,,1,70,,4694,,,1,30,,4707,,,1,70,,4695,,,1,30,,4708,,,1,70,,4696,,,1,30,,4709,,,1,70,,4697,,,1,30,,4710,,,1,70,,4698,,,1,30,,4711,,,1,70,,4699,,,1,30,,4712,,,1,70,,4700,,,1,30,,4713,,,1,70,,4701,,,1,30,,4714,,,1,70,,4702,,,1,30,,4715,,,1,70,,4703,,,1,30,,4716,,,1,70,,4704,,,1,30,,4717,,,1,70,,4705,,,1,30,,4718,,,1
