40100,'Weekday-8',612,,4808,9,4,,1,30,,4803,9,4,,1,70,,4809,9,4,,1,30,,4804,9,4,,1,70,,4810,9,4,,1,30,,4805,9,4,,1,70,,4811,9,4,,1,30,,4806,9,4,,1,100,,4807,9,4,,1,100,,4802,9,4,,1,100,,4818,9,4,,1,100,,4819,9,4,,1,100,,4820,9,4,,1,100,,4821,9,4,,1,70,,4812,9,4,,1,30,,4814,9,4,,1,70,,4817,9,4,,1,30,,4813,9,4,,1,70,,4816,9,4,,1,30,,4822,9,4,,1,70,,4815,9,4,,1
40101,'Weekday-8',612,,4829,1,,,1,30,,4823,1,,,1,70,,4830,1,,,1,30,,4824,1,,,1,70,,4831,1,,,1,30,,4825,1,,,1,70,,4832,1,,,1,30,,4826,1,,,1,100,,4827,1,,,1,100,,4828,1,,,1,100,,4840,1,,,1,100,,4841,1,,,1,100,,4838,1,,,1,95,,4834,1,,,1,68,,4839,1,,,1,30,,4833,1,,,1,70,,4835,1,,,1,35,,4842,1,,,1,72,,4836,1,,,1,30,,4843,1,,,1,70,,4837,1,,,1
41100,'Saturday-10',743,,4893,13,4,,1,100,,4894,13,4,,1,100,,4895,13,4,,1,100,,4896,13,4,,1,100,,4897,13,4,,1,100,,4898,13,4,,1,100,,4899,13,4,,1,100,,4900,13,4,,1,100,,4901,13,4,,1,100,,4902,13,4,,1,100,,4903,13,4,,1,100,,4904,13,4,,1,100,,4905,13,4,,1,100,,4906,13,4,,1,100,,4907,13,4,,1,100,,4908,13,4,,1,100,,4909,13,4,,1
41100,'Saturday-11',743,,4920,13,4,,1,100,,4921,13,4,,1,100,,4922,13,4,,1,100,,4923,13,4,,1,100,,4924,13,4,,1,100,,4925,13,4,,1,100,,4926,13,4,,1,100,,4910,13,4,,1,100,,4911,13,4,,1,100,,4912,13,4,,1,100,,4913,13,4,,1,100,,4914,13,4,,1,100,,4915,13,4,,1,100,,4916,13,4,,1,100,,4917,13,4,,1,100,,4918,13,4,,1,100,,4919,13,4,,1
41100,'Saturday-12',743,,4927,13,4,,1,100,,4928,13,4,,1,100,,4929,13,4,,1,100,,4930,13,4,,1,100,,4931,13,4,,1,100,,4932,13,4,,1,100,,4933,13,4,,1,100,,4934,13,4,,1,100,,4935,13,4,,1,100,,4936,13,4,,1,100,,4937,13,4,,1,100,,4938,13,4,,1,100,,4939,13,4,,1,100,,4940,13,4,,1,100,,4941,13,4,,1,100,,4942,13,4,,1,100,,4943,13,4,,1
41100,'Saturday-14',743,,4944,13,4,,1,100,,4945,13,4,,1,100,,4946,13,4,,1,100,,4947,13,4,,1,100,,4948,13,4,,1,100,,4949,13,4,,1,100,,4950,13,4,,1,100,,4958,13,4,,1,100,,4959,13,4,,1,100,,4960,13,4,,1,100,,4951,13,4,,1,100,,4952,13,4,,1,100,,4953,13,4,,1,100,,4954,13,4,,1,100,,4955,13,4,,1,100,,4956,13,4,,1,100,,4957,13,4,,1
41100,'Sunday-3',843,,4961,13,4,,1,100,,4962,13,4,,1,100,,4963,13,4,,1,100,,4964,13,4,,1,100,,4965,13,4,,1,100,,4966,13,4,,1,100,,4967,13,4,,1,100,,4968,13,4,,1,100,,4969,13,4,,1,100,,4970,13,4,,1,100,,4971,13,4,,1,100,,4972,13,4,,1
41100,'Sunday-4',843,,4973,13,4,,1,100,,4974,13,4,,1,100,,4975,13,4,,1,100,,4976,13,4,,1,100,,4977,13,4,,1,100,,4978,13,4,,1,100,,4979,13,4,,1,100,,4980,13,4,,1,100,,4981,13,4,,1,100,,4982,13,4,,1,100,,4983,13,4,,1,100,,4984,13,4,,1
41100,'Weekday-8',606,,5025,13,4,,1,25,,4999,13,4,,1,15,,4991,13,4,,1,55,,5004,13,4,,1,15,,5021,13,4,,1,15,,4989,13,4,,1,15,,4985,13,4,,1,55,,4992,13,4,,1,15,,5005,13,4,,1,15,,5022,13,4,,1,15,,4990,13,4,,1,55,,4986,13,4,,1,15,,4993,13,4,,1,10,,5006,13,4,,1,17,,5023,13,4,,1,70,,4987,13,4,,1,30,,4994,13,4,,1,70,,5024,13,4,,1,30,,4988,13,4,,1,70,,4995,13,4,,1,30,,5018,13,4,,1,70,,5000,13,4,,1,30,,4996,13,4,,1,70,,5019,13,4,,1,30,,5001,13,4,,1,70,,4997,13,4,,1,32,,5020,13,4,,1,70,,5002,13,4,,1,30,,5007,13,4,,1,55,,5016,13,4,,1,15,,5009,13,4,,1,15,,5003,13,4,,1,15,,4998,13,4,,1,55,,5008,13,4,,1,15,,5017,13,4,,1,28,,5010,13,4,,1,70,,5026,13,4,,1,30,,5011,13,4,,1,100,,5012,13,4,,1,100,,5013,13,4,,1,100,,5014,13,4,,1,100,,5015,13,4,,1
41101,'Saturday-10',743,,5027,1,,,1,100,,5028,1,,,1,100,,5029,1,,,1,100,,5030,1,,,1,100,,5031,1,,,1,100,,5032,1,,,1,100,,5033,1,,,1,100,,5034,1,,,1,100,,5035,1,,,1,100,,5036,1,,,1,100,,5037,1,,,1,100,,5038,1,,,1,100,,5039,1,,,1,100,,5040,1,,,1,100,,5041,1,,,1,100,,5042,1,,,1,100,,5043,1,,,1
41101,'Saturday-11',743,,5054,1,,,1,100,,5055,1,,,1,100,,5056,1,,,1,100,,5057,1,,,1,100,,5058,1,,,1,100,,5059,1,,,1,100,,5060,1,,,1,100,,5044,1,,,1,100,,5045,1,,,1,100,,5046,1,,,1,100,,5047,1,,,1,100,,5048,1,,,1,100,,5049,1,,,1,100,,5050,1,,,1,100,,5051,1,,,1,100,,5052,1,,,1,100,,5053,1,,,1
41101,'Saturday-12',743,,5061,1,,,1,100,,5062,1,,,1,100,,5063,1,,,1,100,,5064,1,,,1,100,,5065,1,,,1,100,,5066,1,,,1,100,,5067,1,,,1,100,,5068,1,,,1,100,,5069,1,,,1,100,,5070,1,,,1,100,,5071,1,,,1,100,,5072,1,,,1,100,,5073,1,,,1,100,,5074,1,,,1,100,,5075,1,,,1,100,,5076,1,,,1,100,,5077,1,,,1
41101,'Saturday-14',743,,5078,1,,,1,100,,5079,1,,,1,100,,5080,1,,,1,100,,5081,1,,,1,100,,5082,1,,,1,100,,5083,1,,,1,100,,5084,1,,,1,100,,5092,1,,,1,100,,5093,1,,,1,100,,5094,1,,,1,100,,5085,1,,,1,100,,5086,1,,,1,100,,5087,1,,,1,100,,5088,1,,,1,100,,5089,1,,,1,100,,5090,1,,,1,100,,5091,1,,,1
41101,'Sunday-3',843,,5095,1,,,1,100,,5096,1,,,1,100,,5097,1,,,1,100,,5098,1,,,1,100,,5099,1,,,1,100,,5100,1,,,1,100,,5101,1,,,1,100,,5102,1,,,1,100,,5103,1,,,1,100,,5104,1,,,1,100,,5105,1,,,1,100,,5106,1,,,1
41101,'Sunday-4',843,,5107,1,,,1,100,,5108,1,,,1,100,,5109,1,,,1,100,,5110,1,,,1,100,,5111,1,,,1,100,,5112,1,,,1,100,,5113,1,,,1,100,,5114,1,,,1,100,,5115,1,,,1,100,,5116,1,,,1,100,,5117,1,,,1,100,,5118,1,,,1
41101,'Weekday-8',606,,5157,1,,,1,31,,5131,1,,,1,15,,5123,1,,,1,55,,5137,1,,,1,15,,5153,1,,,1,15,,5122,1,,,1,15,,5119,1,,,1,55,,5124,1,,,1,30,,5154,1,,,1,70,,5120,1,,,1,30,,5125,1,,,1,70,,5155,1,,,1,31,,5121,1,,,1,70,,5126,1,,,1,30,,5156,1,,,1,70,,5132,1,,,1,30,,5127,1,,,1,70,,5150,1,,,1,30,,5133,1,,,1,67,,5128,1,,,1,30,,5151,1,,,1,70,,5134,1,,,1,13,,5129,1,,,1,15,,5138,1,,,1,12,,5152,1,,,1,55,,5141,1,,,1,15,,5135,1,,,1,15,,5130,1,,,1,15,,5139,1,,,1,55,,5149,1,,,1,15,,5142,1,,,1,15,,5136,1,,,1,78,,5140,1,,,1,35,,5144,1,,,1,100,,5145,1,,,1,100,,5146,1,,,1,100,,5147,1,,,1,100,,5148,1,,,1,100,,5143,1,,,1
