40100,4201,1,0,0
40100,2816,2,0,0
40100,2551,3,0,0
40100,2329,4,0,0
40100,1457,5,0,0
40100,1321,6,0,0
40100,1804,7,0,0
40100,1986,8,0,0
40100,1679,9,1,1
40101,1679,1,0,0
40101,1915,2,0,0
40101,1439,3,0,0
40101,1292,4,0,0
40101,1542,5,0,0
40101,2196,6,0,0
40101,2255,7,0,0
40101,2454,8,0,0
40101,4201,9,1,1
40300,4200,1,0,0
40300,2816,2,0,0
40300,2551,3,0,0
40300,2329,4,0,0
40300,1728,5,0,0
40300,1991,6,0,0
40300,1309,7,0,0
40300,1794,8,0,0
40300,1711,9,1,1
40301,1964,1,0,0
40301,1941,2,0,0
40301,1303,3,0,0
40301,1792,4,0,0
40301,1629,5,0,0
40301,1993,6,0,0
40301,2196,7,0,0
40301,2255,8,0,0
40301,2454,9,0,0
40301,4200,10,1,1
40400,4202,1,0,0
40400,2816,2,0,0
40400,2159,3,0,0
40400,2131,4,0,0
40400,2845,5,0,0
40400,2752,6,0,0
40400,2638,7,0,0
40400,2625,8,0,0
40400,2003,9,1,1
40401,2003,1,0,0
40401,22720,2,0,0
40401,2410,3,0,0
40401,2722,4,0,0
40401,2848,5,0,0
40401,2255,6,0,0
40401,2454,7,0,0
40401,4202,8,1,1
41100,8214,1,0,0
41100,8004,2,0,0
41100,4370,3,0,0
41100,4376,4,0,0
41100,2158,5,0,0
41100,2289,6,0,0
41100,22224,7,0,0
41100,2127,8,0,0
41100,1457,9,0,0
41100,1321,10,0,0
41100,1804,11,0,0
41100,1986,12,0,0
41100,1679,13,1,1
41101,1679,1,0,0
41101,1915,2,0,0
41101,1439,3,0,0
41101,1292,4,0,0
41101,1542,5,0,0
41101,2242,6,0,0
41101,22225,7,0,0
41101,2437,8,0,0
41101,4605,9,0,0
41101,4611,10,0,0
41101,4617,11,0,0
41101,8005,12,0,0
41101,8214,13,1,1
41300,8213,1,0,0
41300,8004,2,0,0
41300,1728,3,0,0
41300,1991,4,0,0
41300,1309,5,0,0
41300,1794,6,0,0
41300,1711,7,0,0
41300,1959,8,1,1
41301,1083,1,0,0
41301,1964,2,0,0
41301,1941,3,0,0
41301,1303,4,0,0
41301,1792,5,0,0
41301,1629,6,0,0
41301,1993,7,0,0
41301,8005,8,0,0
41301,8213,9,1,1
41400,8202,1,0,0
41400,2844,2,0,0
41400,2003,3,1,1
41401,2003,1,0,0
41401,8202,2,1,1
42000,8205,1,0,0
42000,8010,2,0,0
42000,8011,3,0,0
42000,8012,4,0,0
42000,8700,5,0,0
42000,8702,6,0,0
42000,8704,7,0,0
42000,8706,8,0,0
42000,8800,9,0,0
42000,8806,10,0,0
42000,8802,11,0,0
42000,8804,12,0,0
42000,8808,13,0,0
42000,8810,14,0,0
42000,8811,15,0,0
42000,8812,16,0,0
42000,8814,17,0,0
42000,8816,18,1,1
42001,8816,1,0,0
42001,8013,2,0,0
42001,8009,3,0,0
42001,8205,4,1,1
43000,8201,1,0,0
43000,8101,2,0,0
43000,8107,3,0,0
43000,8109,4,0,0
43000,8112,5,0,0
43000,8304,6,0,0
43000,8848,7,0,0
43000,8846,8,0,0
43000,8844,9,0,0
43000,8842,10,0,0
43000,7923,11,0,0
43000,7921,12,0,0
43000,7903,13,0,0
43000,7901,14,0,0
43000,7910,15,0,0
43000,7914,16,0,0
43000,7857,17,0,0
43000,7508,18,0,0
43000,7510,19,0,0
43000,7512,20,0,0
43000,7514,21,0,0
43000,7516,22,0,0
43000,7436,23,0,0
43000,7438,24,0,0
43000,7601,25,0,0
43000,7603,26,0,0
43000,7605,27,0,0
43000,8322,28,0,0
43000,8320,29,0,0
43000,8118,30,0,0
43000,8116,31,0,0
43000,8114,32,0,0
43000,8110,33,0,0
43000,8108,34,0,0
43100,8200,1,0,0
43100,8101,2,0,0
43100,8107,3,0,0
43100,8109,4,0,0
43100,8113,5,0,0
43100,8117,6,0,0
43100,8115,7,0,0
43100,8317,8,0,0
43100,8319,9,0,0
43100,7604,10,0,0
43100,7602,11,0,0
43100,7600,12,0,0
43100,7437,13,0,0
43100,7435,14,0,0
43100,7515,15,0,0
43100,7513,16,0,0
43100,7511,17,0,0
43100,7509,18,0,0
43100,7506,19,0,0
43100,7807,20,0,0
43100,7900,21,0,0
43100,7902,22,0,0
43100,7904,23,0,0
43100,7920,24,0,0
43100,7922,25,0,0
43100,8847,26,0,0
43100,8849,27,0,0
43100,8305,28,0,0
43100,8110,29,0,0
43100,8108,30,0,0
43200,8218,1,0,0
43200,8101,2,0,0
43200,8106,3,0,0
43200,8604,4,0,0
43200,8304,5,0,0
43200,8851,6,0,0
43200,7873,7,0,0
43200,7870,8,0,0
43200,7519,9,0,0
43200,7515,10,0,0
43200,7520,11,0,0
43200,7530,12,0,0
43200,7532,13,1,1
43201,7532,1,0,0
43201,7536,2,0,0
43201,7522,3,0,0
43201,7524,4,0,0
43201,7526,5,0,0
43201,7516,6,0,0
43201,7518,7,0,0
43201,7872,8,0,0
43201,7874,9,0,0
43201,8605,10,0,0
43201,8108,11,0,0
43201,8218,12,1,1
43300,8207,1,0,0
43300,8101,2,0,0
43300,8107,3,0,0
43300,8109,4,0,0
43300,8113,5,0,0
43300,8124,6,0,0
43300,8135,7,0,0
43300,7706,8,0,0
43300,7704,9,0,0
43300,7702,10,0,0
43300,7700,11,0,0
43300,7272,12,0,0
43300,7290,13,0,0
43300,7296,14,0,0
43300,7323,15,0,0
43300,7321,16,0,0
43300,7319,17,0,0
43300,7317,18,0,0
43300,7315,19,0,0
43300,7313,20,0,0
43300,7433,21,0,0
43300,7431,22,1,1
43301,7431,1,0,0
43301,7701,2,0,0
43301,7703,3,0,0
43301,7705,4,0,0
43301,7707,5,0,0
43301,8138,6,0,0
43301,8123,7,0,0
43301,8116,8,0,0
43301,8114,9,0,0
43301,8110,10,0,0
43301,8108,11,0,0
43301,8207,12,1,1
44000,7920,1,0,0
44000,8847,2,0,0
44000,8849,3,0,0
44000,8305,4,0,0
44000,8208,5,0,0
44000,1090,6,0,0
44000,1094,7,0,0
44000,1096,8,0,0
44000,1099,9,0,0
44000,7006,10,0,0
44000,7012,11,0,0
44000,7018,12,0,0
44000,7024,13,0,0
44000,7103,14,0,0
44000,7105,15,0,0
44000,7199,16,0,0
44000,7195,17,0,0
44000,7112,18,0,0
44000,7118,19,0,0
44000,7119,20,0,0
44000,7122,21,0,0
44000,7124,22,0,0
44000,7106,23,0,0
44000,7104,24,0,0
44000,7011,25,0,0
44000,7017,26,0,0
44000,7023,27,0,0
44000,7029,28,0,0
44000,1042,29,0,0
44000,1048,30,0,0
44000,1054,31,0,0
44000,1060,32,0,0
44000,1068,33,0,0
44000,7102,34,0,0
44100,8211,1,0,0
44100,7103,2,0,0
44100,7105,3,0,0
44100,9150,4,0,0
44100,9240,5,0,0
44100,9238,6,0,0
44100,9236,7,0,0
44100,9234,8,0,0
44100,9228,9,0,0
44100,9224,10,0,0
44100,9222,11,0,0
44100,9223,12,0,0
44100,9117,13,0,0
44100,9115,14,0,0
44100,9351,15,0,0
44100,9352,16,0,0
44100,4939,17,0,0
44100,4937,18,0,0
44100,4935,19,0,0
44100,4933,20,0,0
44100,4206,21,1,1
44101,4206,1,0,0
44101,4913,2,0,0
44101,4934,3,0,0
44101,4936,4,0,0
44101,4938,5,0,0
44101,9461,6,0,0
44101,9462,7,0,0
44101,9353,8,0,0
44101,9157,9,0,0
44101,9159,10,0,0
44101,9206,11,0,0
44101,9219,12,0,0
44101,9225,13,0,0
44101,9229,14,0,0
44101,9233,15,0,0
44101,9235,16,0,0
44101,9237,17,0,0
44101,9239,18,0,0
44101,9160,19,0,0
44101,7106,20,0,0
44101,7104,21,0,0
44101,7102,22,0,0
44101,8211,23,1,1
44200,7920,1,0,0
44200,8847,2,0,0
44200,8849,3,0,0
44200,8305,4,0,0
44200,8217,5,0,0
44200,1013,6,0,0
44200,1014,7,0,0
44200,1002,8,0,0
44200,1005,9,0,0
44200,1006,10,0,0
44200,1012,11,0,0
44200,9005,12,0,0
44200,9015,13,0,0
44200,9016,14,0,0
44200,9017,15,0,0
44200,9023,16,0,0
44200,9025,17,0,0
44200,9029,18,0,0
44200,9180,19,1,1
44201,9180,1,0,0
44201,9184,2,0,0
44201,9048,3,0,0
44201,1107,4,0,0
44201,1001,5,0,0
44201,1004,6,0,0
44201,1010,7,0,0
44201,1011,8,0,0
44201,8217,9,1,1
44300,7920,1,0,0
44300,8847,2,0,0
44300,8849,3,0,0
44300,8305,4,0,0
44300,8210,5,0,0
44300,1013,6,0,0
44300,1088,7,0,0
44300,1084,8,0,0
44300,1072,9,0,0
44300,1052,10,0,0
44300,1033,11,0,0
44300,1019,12,0,0
44300,1107,13,0,0
44300,1007,14,0,0
44300,1008,15,0,0
44300,6079,16,0,0
44300,6085,17,0,0
44300,6091,18,0,0
44300,6097,19,0,0
44300,6103,20,0,0
44300,6109,21,0,0
44300,6115,22,0,0
44300,6121,23,0,0
44300,6090,24,0,0
44300,6041,25,0,0
44300,6047,26,0,0
44300,6053,27,0,0
44300,6059,28,0,0
44300,6065,29,0,0
44300,5149,30,0,0
44300,4205,31,1,1
44301,4205,1,0,0
44301,6006,2,0,0
44301,6012,3,0,0
44301,6018,4,0,0
44301,6024,5,0,0
44301,6030,6,0,0
44301,6036,7,0,0
44301,6127,8,0,0
44301,6102,9,0,0
44301,6108,10,0,0
44301,6126,11,0,0
44301,6132,12,0,0
44301,6138,13,0,0
44301,6144,14,0,0
44301,6150,15,0,0
44301,6156,16,0,0
44301,1009,17,0,0
44301,1005,18,0,0
44301,1006,19,0,0
44301,1018,20,0,0
44301,1024,21,0,0
44301,1030,22,0,0
44301,1038,23,0,0
44301,1071,24,0,0
44301,1077,25,0,0
44301,1085,26,0,0
44301,1087,27,0,0
44301,1010,28,0,0
44301,1011,29,0,0
44301,8210,30,1,1
45000,8206,1,0,0
45000,8101,2,0,0
45000,8107,3,0,0
45000,8109,4,0,0
45000,8105,5,0,0
45000,1013,6,0,0
45000,1014,7,0,0
45000,1002,8,0,0
45000,2001,9,0,0
45000,6048,10,1,1
45001,6048,1,0,0
45001,6054,2,0,0
45001,6060,3,0,0
45001,6066,4,0,0
45001,6072,5,0,0
45001,1004,6,0,0
45001,1010,7,0,0
45001,1011,8,0,0
45001,8111,9,0,0
45001,8110,10,0,0
45001,8108,11,0,0
45001,8206,12,1,1
45100,7920,1,0,0
45100,8216,2,0,0
45100,1013,3,0,0
45100,1014,4,0,0
45100,5005,5,0,0
45100,5011,6,0,0
45100,5023,7,0,0
45100,5029,8,0,0
45100,5035,9,0,0
45100,4036,10,0,0
45100,5041,11,0,0
45100,5047,12,0,0
45100,5065,13,0,0
45100,5071,14,0,0
45100,5077,15,0,0
45100,5083,16,0,0
45100,5089,17,0,0
45100,5095,18,0,0
45100,5101,19,0,0
45100,5107,20,0,0
45100,5109,21,0,0
45100,5111,22,0,0
45100,5115,23,0,0
45100,5149,24,0,0
45100,4204,25,1,1
45101,4204,1,0,0
45101,6006,2,0,0
45101,4006,3,0,0
45101,5040,4,0,0
45101,5044,5,0,0
45101,5046,6,0,0
45101,5048,7,0,0
45101,5054,8,0,0
45101,5072,9,0,0
45101,5078,10,0,0
45101,5090,11,0,0
45101,5096,12,0,0
45101,4030,13,0,0
45101,5114,14,0,0
45101,5120,15,0,0
45101,4805,16,0,0
45101,5126,17,0,0
45101,5132,18,0,0
45101,5138,19,0,0
45101,5144,20,0,0
45101,5150,21,0,0
45101,5156,22,0,0
45101,1010,23,0,0
45101,1011,24,0,0
45101,8216,25,1,1
1043300,8113,1,0,0
1043300,8124,2,0,0
1043300,8135,3,0,0
1043300,7706,4,0,0
1043300,7704,5,0,0
1043300,7702,6,0,0
1043300,7700,7,0,0
1043300,7272,8,0,0
1043300,7290,9,0,0
1043300,7296,10,0,0
1043300,7323,11,0,0
1043300,7321,12,0,0
1043300,7319,13,0,0
1043300,7317,14,0,0
1043300,7315,15,0,0
1043300,7313,16,0,0
1043300,7515,17,0,0
1043300,7520,18,0,0
1043300,7530,19,0,0
1043300,7532,20,0,0
1043300,7536,21,0,0
1043300,7522,22,0,0
1043300,7524,23,0,0
1043300,7526,24,0,0
1043300,7513,25,0,0
1043300,7511,26,0,0
1043300,7509,27,0,0
1043300,7506,28,0,0
1043300,7807,29,0,0
1043300,7900,30,0,0
1043300,7902,31,0,0
1043300,7904,32,0,0
1043300,7920,33,1,1
1043301,7921,1,0,0
1043301,7903,2,0,0
1043301,7901,3,0,0
1043301,7508,4,0,0
1043301,7510,5,0,0
1043301,7512,6,0,0
1043301,7520,7,0,0
1043301,7530,8,0,0
1043301,7532,9,0,0
1043301,7536,10,0,0
1043301,7522,11,0,0
1043301,7524,12,0,0
1043301,7526,13,0,0
1043301,7436,14,0,0
1043301,7306,15,0,0
1043301,7308,16,0,0
1043301,7310,17,0,0
1043301,7312,18,0,0
1043301,7318,19,0,0
1043301,7324,20,0,0
1043301,7330,21,0,0
1043301,7205,22,0,0
1043301,7211,23,0,0
1043301,7229,24,0,0
1043301,7701,25,0,0
1043301,7703,26,0,0
1043301,7705,27,0,0
1043301,7707,28,0,0
1043301,8138,29,0,0
1043301,8123,30,0,0
1043301,8116,31,0,0
1043301,8114,32,1,1
1044101,7921,1,0,0
1044101,7105,2,0,0
1044101,9150,3,0,0
1044101,9240,4,0,0
1044101,9238,5,0,0
1044101,9236,6,0,0
1044101,9234,7,0,0
1044101,9228,8,0,0
1044101,9224,9,0,0
1044101,9222,10,0,0
1044101,9223,11,0,0
1044101,9117,12,0,0
1044101,9115,13,0,0
1044101,9351,14,0,0
1044101,4939,15,0,0
1044101,4937,16,0,0
1044101,4935,17,0,0
1044101,4933,18,1,1
