43000,'Weekday-13',616,,1071,4,,,1,30,,1084,4,,,1,70,,1072,4,,,1,30,,1085,4,,,1,70,,1073,4,,,1,10,,1095,4,0,5 10 15 16,1,20,,1086,4,,,1,70,,1074,4,,,1,30,,1087,4,,,1,70,,1075,4,,,1,30,,1088,4,,,1,70,,1076,4,,,1,30,,1089,4,,,1,70,,1077,4,,,1,30,,1090,4,,,1,70,,1078,4,,,1,30,,1091,4,,,1,70,,1079,4,,,1,30,,1092,4,,,1,70,,1080,4,,,1,30,,1093,4,,,1,70,,1070,4,,,1,30,,1081,4,,,1,70,,1068,4,,,1,30,,1083,4,,,1,70,,1069,4,,,1
43000,'Weekday-15',616,,1099,4,,,1,30,,1112,4,,,1,70,,1100,4,,,1,30,,1113,4,,,1,70,,1101,4,,,1,30,,1114,4,,,1,70,,1102,4,,,1,30,,1115,4,,,1,70,,1103,4,,,1,30,,1116,4,,,1,70,,1104,4,,,1,30,,1117,4,,,1,70,,1105,4,,,1,30,,1118,4,,,1,70,,1106,4,,,1,30,,1119,4,,,1,70,,1107,4,,,1,30,,1120,4,,,1,70,,1108,4,,,1,30,,1121,4,,,1,70,,1098,4,,,1,30,,1109,4,,,1,70,,1096,4,,,1,30,,1111,4,,,1,70,,1097,4,,,1
43000,'Weekday-16',616,,1125,4,,,1,30,,1138,4,,,1,70,,1126,4,,,1,30,,1139,4,,,1,70,,1127,4,,,1,10,,1149,4,0,5 10 15 16,1,20,,1140,4,,,1,70,,1128,4,,,1,30,,1141,4,,,1,70,,1129,4,,,1,30,,1142,4,,,1,70,,1130,4,,,1,30,,1143,4,,,1,70,,1131,4,,,1,30,,1144,4,,,1,70,,1132,4,,,1,30,,1145,4,,,1,70,,1133,4,,,1,30,,1146,4,,,1,70,,1134,4,,,1,30,,1147,4,,,1,70,,1124,4,,,1,30,,1135,4,,,1,70,,1122,4,,,1,30,,1137,4,,,1,70,,1123,4,,,1
43100,'Weekday-13',617,,1150,4,,,1,30,,1163,4,,,1,70,,1151,4,,,1,30,,1164,4,,,1,70,,1152,4,,,1,30,,1165,4,,,1,70,,1153,4,,,1,30,,1166,4,,,1,70,,1154,4,,,1,30,,1167,4,,,1,70,,1155,4,,,1,30,,1168,4,,,1,70,,1156,4,,,1,30,,1169,4,,,1,70,,1157,4,,,1,30,,1170,4,,,1,70,,1158,4,,,1,30,,1171,4,,,1,70,,1159,4,,,1,30,,1172,4,,,1,70,,1160,4,,,1,30,,1173,4,,,1,70,,1161,4,,,1,30,,1174,4,,,1,70,,1162,4,,,1,30,,1175,4,,,1
43100,'Weekday-15',617,,1177,4,,,1,30,,1190,4,,,1,70,,1178,4,,,1,30,,1191,4,,,1,70,,1179,4,,,1,30,,1192,4,,,1,70,,1180,4,,,1,30,,1193,4,,,1,70,,1181,4,,,1,30,,1194,4,,,1,70,,1182,4,,,1,30,,1195,4,,,1,70,,1183,4,,,1,30,,1196,4,,,1,70,,1184,4,,,1,30,,1197,4,,,1,70,,1185,4,,,1,30,,1198,4,,,1,70,,1186,4,,,1,30,,1199,4,,,1,70,,1187,4,,,1,30,,1200,4,,,1,70,,1188,4,,,1,30,,1201,4,,,1,70,,1189,4,,,1,30,,1202,4,,,1
43100,'Weekday-16',617,,1204,4,,,1,30,,1217,4,,,1,70,,1205,4,,,1,30,,1218,4,,,1,70,,1206,4,,,1,30,,1219,4,,,1,70,,1207,4,,,1,30,,1220,4,,,1,70,,1208,4,,,1,30,,1221,4,,,1,70,,1209,4,,,1,30,,1222,4,,,1,70,,1210,4,,,1,30,,1223,4,,,1,70,,1211,4,,,1,30,,1224,4,,,1,70,,1212,4,,,1,30,,1225,4,,,1,70,,1213,4,,,1,30,,1226,4,,,1,70,,1214,4,,,1,30,,1227,4,,,1,70,,1215,4,,,1,30,,1228,4,,,1,70,,1216,4,,,1,30,,1229,4,,,1
433029,'Weekday-13',616,,1488,4,,,1,30,,1475,4,,,1,70,,1489,4,,,1,30,,1476,4,,,1,70,,1490,4,,,1,30,,1477,4,,,1,70,,1491,4,,,1,30,,1478,4,,,1,70,,1492,4,,,1,30,,1479,4,,,1,70,,1493,4,,,1,30,,1480,4,,,1,70,,1494,4,,,1,30,,1481,4,,,1,70,,1495,4,,,1,30,,1482,4,,,1,70,,1496,4,,,1,30,,1483,4,,,1,70,,1497,4,,,1,30,,1484,4,,,1,70,,1498,4,,,1,30,,1485,4,,,1,70,,1499,4,,,1,30,,1486,4,,,1,70,,1500,4,,,1,30,,1474,4,,,1
433029,'Weekday-15',616,,1515,4,,,1,30,,1502,4,,,1,70,,1516,4,,,1,30,,1503,4,,,1,70,,1517,4,,,1,30,,1504,4,,,1,70,,1518,4,,,1,30,,1505,4,,,1,70,,1519,4,,,1,30,,1506,4,,,1,70,,1520,4,,,1,30,,1507,4,,,1,70,,1521,4,,,1,30,,1508,4,,,1,70,,1522,4,,,1,30,,1509,4,,,1,70,,1523,4,,,1,30,,1510,4,,,1,70,,1524,4,,,1,30,,1511,4,,,1,70,,1525,4,,,1,30,,1512,4,,,1,70,,1526,4,,,1,30,,1513,4,,,1,70,,1527,4,,,1,30,,1501,4,,,1
433029,'Weekday-16',616,,1542,4,,,1,30,,1529,4,,,1,70,,1543,4,,,1,30,,1530,4,,,1,70,,1544,4,,,1,30,,1531,4,,,1,70,,1545,4,,,1,30,,1532,4,,,1,70,,1546,4,,,1,30,,1533,4,,,1,70,,1547,4,,,1,30,,1534,4,,,1,70,,1548,4,,,1,30,,1535,4,,,1,70,,1549,4,,,1,30,,1536,4,,,1,70,,1550,4,,,1,30,,1537,4,,,1,70,,1551,4,,,1,30,,1538,4,,,1,70,,1552,4,,,1,30,,1539,4,,,1,70,,1553,4,,,1,30,,1540,4,,,1,70,,1554,4,,,1,30,,1528,4,,,1
450029,'Weekday-13',616,,2210,4,,,1,30,,2223,4,,,1,70,,2211,4,,,1,30,,2224,4,,,1,70,,2212,4,,,1,30,,2225,4,,,1,70,,2213,4,,,1,30,,2226,4,,,1,70,,2214,4,,,1,30,,2227,4,,,1,70,,2215,4,,,1,30,,2228,4,,,1,70,,2216,4,,,1,30,,2229,4,,,1,70,,2217,4,,,1,30,,2230,4,,,1,70,,2218,4,,,1,30,,2231,4,,,1,70,,2219,4,,,1,30,,2232,4,,,1,70,,2220,4,,,1,30,,2233,4,,,1,70,,2221,4,,,1,30,,2234,4,,,1,70,,2222,4,,,1,30,,2235,4,,,1
450029,'Weekday-15',616,,2237,4,,,1,30,,2250,4,,,1,70,,2238,4,,,1,30,,2251,4,,,1,70,,2239,4,,,1,30,,2252,4,,,1,70,,2240,4,,,1,30,,2253,4,,,1,70,,2241,4,,,1,30,,2254,4,,,1,70,,2242,4,,,1,30,,2255,4,,,1,70,,2243,4,,,1,30,,2256,4,,,1,70,,2244,4,,,1,30,,2257,4,,,1,70,,2245,4,,,1,30,,2258,4,,,1,70,,2246,4,,,1,30,,2259,4,,,1,70,,2247,4,,,1,30,,2260,4,,,1,70,,2248,4,,,1,30,,2261,4,,,1,70,,2249,4,,,1,30,,2262,4,,,1
450029,'Weekday-16',616,,2264,4,,,1,30,,2277,4,,,1,70,,2265,4,,,1,30,,2278,4,,,1,70,,2266,4,,,1,30,,2279,4,,,1,70,,2267,4,,,1,30,,2280,4,,,1,70,,2268,4,,,1,30,,2281,4,,,1,70,,2269,4,,,1,30,,2282,4,,,1,70,,2270,4,,,1,30,,2283,4,,,1,70,,2271,4,,,1,30,,2284,4,,,1,70,,2272,4,,,1,30,,2285,4,,,1,70,,2273,4,,,1,30,,2286,4,,,1,70,,2274,4,,,1,30,,2287,4,,,1,70,,2275,4,,,1,30,,2288,4,,,1,70,,2276,4,,,1,30,,2289,4,,,1
