44201,'Weekday-30',606,,4213,8,0,14,1,30,,4192,8,0,14,1,70,,4200,8,0,14,1,30,,4193,8,0,14,1,70,,4201,8,0,14,1,30,,4194,8,0,14,1,70,,4202,8,0,14,1,30,,4195,8,0,14,1,70,,4203,8,0,14,1,30,,4196,8,0,14,1,70,,4204,8,0,14,1,30,,4197,8,0,14,1,70,,4205,8,0,14,1,30,,4198,8,0,14,1,70,,4206,8,0,14,1,30,,4190,8,0,14,1,70,,4207,8,0,14,1,30,,4191,8,0,14,1,70,,4208,8,0,14,1,30,,4199,8,0,14,1,70,,4209,8,0,14,1,30,,4187,8,0,14,1,70,,4210,8,0,14,1,30,,4188,8,0,14,1,70,,4211,8,0,14,1,30,,4189,8,0,14,1,70,,4212,8,0,14,1
44201,'Weekday-32',606,,4240,8,0,14,1,30,,4219,8,0,14,1,70,,4227,8,0,14,1,30,,4220,8,0,14,1,70,,4228,8,0,14,1,30,,4221,8,0,14,1,70,,4229,8,0,14,1,30,,4222,8,0,14,1,70,,4230,8,0,14,1,30,,4223,8,0,14,1,70,,4231,8,0,14,1,30,,4224,8,0,14,1,70,,4232,8,0,14,1,30,,4225,8,0,14,1,70,,4233,8,0,14,1,30,,4217,8,0,14,1,70,,4234,8,0,14,1,30,,4218,8,0,14,1,70,,4235,8,0,14,1,30,,4226,8,0,14,1,70,,4236,8,0,14,1,30,,4214,8,0,14,1,70,,4237,8,0,14,1,30,,4215,8,0,14,1,70,,4238,8,0,14,1,30,,4216,8,0,14,1,70,,4239,8,0,14,1
44201,'Weekday-33',606,,4267,8,0,14,1,30,,4246,8,0,14,1,70,,4254,8,0,14,1,30,,4247,8,0,14,1,70,,4255,8,0,14,1,30,,4248,8,0,14,1,70,,4256,8,0,14,1,30,,4249,8,0,14,1,70,,4257,8,0,14,1,30,,4250,8,0,14,1,70,,4258,8,0,14,1,30,,4251,8,0,14,1,70,,4259,8,0,14,1,30,,4252,8,0,14,1,70,,4260,8,0,14,1,30,,4244,8,0,14,1,70,,4261,8,0,14,1,30,,4245,8,0,14,1,70,,4262,8,0,14,1,30,,4253,8,0,14,1,70,,4263,8,0,14,1,30,,4241,8,0,14,1,70,,4264,8,0,14,1,30,,4242,8,0,14,1,70,,4265,8,0,14,1,30,,4243,8,0,14,1,70,,4266,8,0,14,1
44301,'Weekday-30',606,,4364,27,,,1,30,,4365,29,,,1,70,,4351,29,,,1,30,,4366,29,,,1,70,,4352,29,,,1,30,,4367,29,,,1,70,,4353,29,,,1,30,,4368,29,,,1,70,,4354,29,,,1,30,,4369,29,,,1,70,,4355,29,,,1,30,,4370,29,,,1,70,,4356,29,,,1,30,,4371,29,,,1,70,,4357,29,,,1,30,,4372,29,,,1,70,,4358,29,,,1,30,,4373,29,,,1,70,,4359,29,,,1,30,,4374,29,,,1,70,,4360,29,,,1,30,,4375,29,,,1,70,,4361,29,,,1,30,,4376,29,,,1,70,,4362,29,,,1,30,,4377,29,,,1,70,,4363,29,,,1
44301,'Weekday-32',606,,4391,27,,,1,30,,4392,29,,,1,70,,4378,29,,,1,30,,4393,29,,,1,70,,4379,29,,,1,30,,4394,29,,,1,70,,4380,29,,,1,30,,4395,29,,,1,70,,4381,29,,,1,30,,4396,29,,,1,70,,4382,29,,,1,30,,4397,29,,,1,70,,4383,29,,,1,30,,4398,29,,,1,70,,4384,29,,,1,30,,4399,29,,,1,70,,4385,29,,,1,30,,4400,29,,,1,70,,4386,29,,,1,30,,4401,29,,,1,70,,4387,29,,,1,30,,4402,29,,,1,70,,4388,29,,,1,30,,4403,29,,,1,70,,4389,29,,,1,30,,4404,29,,,1,70,,4390,29,,,1
44301,'Weekday-33',606,,4418,27,,,1,30,,4419,29,,,1,70,,4405,29,,,1,30,,4420,29,,,1,70,,4406,29,,,1,30,,4421,29,,,1,70,,4407,29,,,1,30,,4422,29,,,1,70,,4408,29,,,1,30,,4423,29,,,1,70,,4409,29,,,1,30,,4424,29,,,1,70,,4410,29,,,1,30,,4425,29,,,1,70,,4411,29,,,1,30,,4426,29,,,1,70,,4412,29,,,1,30,,4427,29,,,1,70,,4413,29,,,1,30,,4428,29,,,1,70,,4414,29,,,1,30,,4429,29,,,1,70,,4415,29,,,1,30,,4430,29,,,1,70,,4416,29,,,1,30,,4431,29,,,1,70,,4417,29,,,1
45001,'Weekday-30',604,,4525,8,,,1,30,,4513,8,,,1,70,,4527,8,,,1,30,,4514,8,,,1,70,,4528,8,,,1,30,,4515,8,,,1,70,,4529,8,,,1,30,,4516,8,,,1,70,,4530,8,,,1,30,,4526,8,,,1,70,,4531,8,,,1,30,,4517,8,,,1,70,,4532,8,,,1,30,,4518,8,,,1,70,,4533,8,,,1,30,,4519,8,,,1,70,,4534,8,,,1,30,,4520,8,,,1,70,,4535,8,,,1,30,,4521,8,,,1,70,,4536,8,,,1,30,,4522,8,,,1,70,,4537,8,,,1,30,,4523,8,,,1,70,,4538,8,,,1,30,,4524,8,,,1,70,,4539,8,,,1
45001,'Weekday-32',604,,4552,8,,,1,30,,4540,8,,,1,70,,4554,8,,,1,30,,4541,8,,,1,70,,4555,8,,,1,30,,4542,8,,,1,70,,4556,8,,,1,30,,4543,8,,,1,70,,4557,8,,,1,30,,4553,8,,,1,70,,4558,8,,,1,30,,4544,8,,,1,70,,4559,8,,,1,30,,4545,8,,,1,70,,4560,8,,,1,30,,4546,8,,,1,70,,4561,8,,,1,30,,4547,8,,,1,70,,4562,8,,,1,30,,4548,8,,,1,70,,4563,8,,,1,30,,4549,8,,,1,70,,4564,8,,,1,30,,4550,8,,,1,70,,4565,8,,,1,30,,4551,8,,,1,70,,4566,8,,,1
45001,'Weekday-33',604,,4579,8,,,1,30,,4567,8,,,1,70,,4581,8,,,1,30,,4568,8,,,1,70,,4582,8,,,1,30,,4569,8,,,1,70,,4583,8,,,1,30,,4570,8,,,1,70,,4584,8,,,1,30,,4580,8,,,1,70,,4585,8,,,1,30,,4571,8,,,1,70,,4586,8,,,1,30,,4572,8,,,1,70,,4587,8,,,1,30,,4573,8,,,1,70,,4588,8,,,1,30,,4574,8,,,1,70,,4589,8,,,1,30,,4575,8,,,1,70,,4590,8,,,1,30,,4576,8,,,1,70,,4591,8,,,1,30,,4577,8,,,1,70,,4592,8,,,1,30,,4578,8,,,1,70,,4593,8,,,1
45101,'Weekday-30',607,,4690,21,,,1,30,,4691,24,,,1,70,,4677,24,,,1,30,,4692,24,,,1,70,,4678,24,,,1,30,,4693,24,,,1,70,,4679,24,,,1,30,,4694,24,,,1,70,,4680,24,,,1,30,,4695,24,,,1,70,,4681,24,,,1,30,,4696,24,,,1,70,,4682,24,,,1,30,,4697,24,,,1,70,,4683,24,,,1,30,,4698,24,,,1,70,,4684,24,,,1,30,,4699,24,,,1,70,,4685,24,,,1,30,,4700,24,,,1,70,,4686,24,,,1,30,,4701,24,,,1,70,,4687,24,,,1,30,,4702,24,,,1,70,,4688,24,,,1,30,,4703,24,,,1,70,,4689,24,,,1
45101,'Weekday-32',607,,4717,21,,,1,30,,4718,24,,,1,70,,4704,24,,,1,30,,4719,24,,,1,70,,4705,24,,,1,30,,4720,24,,,1,70,,4706,24,,,1,30,,4721,24,,,1,70,,4707,24,,,1,30,,4722,24,,,1,70,,4708,24,,,1,30,,4723,24,,,1,70,,4709,24,,,1,30,,4724,24,,,1,70,,4710,24,,,1,30,,4725,24,,,1,70,,4711,24,,,1,30,,4726,24,,,1,70,,4712,24,,,1,30,,4727,24,,,1,70,,4713,24,,,1,30,,4728,24,,,1,70,,4714,24,,,1,30,,4729,24,,,1,70,,4715,24,,,1,30,,4730,24,,,1,70,,4716,24,,,1
45101,'Weekday-33',607,,4744,21,,,1,30,,4745,24,,,1,70,,4731,24,,,1,30,,4746,24,,,1,70,,4732,24,,,1,30,,4747,24,,,1,70,,4733,24,,,1,30,,4748,24,,,1,70,,4734,24,,,1,30,,4749,24,,,1,70,,4735,24,,,1,30,,4750,24,,,1,70,,4736,24,,,1,30,,4751,24,,,1,70,,4737,24,,,1,30,,4752,24,,,1,70,,4738,24,,,1,30,,4753,24,,,1,70,,4739,24,,,1,30,,4754,24,,,1,70,,4740,24,,,1,30,,4755,24,,,1,70,,4741,24,,,1,30,,4756,24,,,1,70,,4742,24,,,1,30,,4757,24,,,1,70,,4743,24,,,1
