40100,1973,1,0
40100,1679,2,0
40100,11444,3,0
40100,1915,4,0
40100,1439,5,0
40100,1292,6,0
40100,1542,7,0
40100,2393,8,0
40100,2255,9,0
40100,2454,10,0
40100,4000,11,1
40101,4000,1,0
40101,2816,2,0
40101,2551,3,0
40101,2329,4,0
40101,1457,5,0
40101,1321,6,0
40101,1364,7,0
40101,11344,8,0
40101,1973,9,0
40101,1679,10,1
40300,1732,1,0
40300,1643,2,0
40300,1964,3,0
40300,1941,4,0
40300,1306,5,0
40300,1792,6,0
40300,1629,7,0
40300,1525,8,0
40300,2393,9,0
40300,2255,10,0
40300,2454,11,0
40300,4000,12,1
40301,4000,1,0
40301,1728,2,0
40301,1991,3,0
40301,1301,4,0
40301,1794,5,0
40301,1711,6,0
40301,1903,7,0
40301,1898,8,0
40301,1973,9,1
40400,2636,1,0
40400,2641,2,0
40400,2410,3,0
40400,2722,4,0
40400,2848,5,0
40400,2255,6,0
40400,2454,7,0
40400,4000,8,1
40401,4000,1,0
40401,2752,2,0
40401,2638,3,0
40401,2625,4,0
40401,2636,5,1
41100,1973,1,0
41100,1679,2,0
41100,11444,3,0
41100,1915,4,0
41100,1439,5,0
41100,1292,6,0
41100,1542,7,0
41100,2437,8,0
41100,4605,9,0
41100,4611,10,0
41100,4617,11,0
41100,8005,12,0
41100,8000,13,1
41101,8000,1,0
41101,8004,2,0
41101,4370,3,0
41101,4376,4,0
41101,2158,5,0
41101,2289,6,0
41101,1457,7,0
41101,1321,8,0
41101,1364,9,0
41101,11344,10,0
41101,1973,11,1
41300,1223,1,0
41300,1732,2,0
41300,1643,3,0
41300,1964,4,0
41300,1941,5,0
41300,1306,6,0
41300,1301,7,0
41300,1792,8,0
41300,1629,9,0
41300,1525,10,0
41300,2437,11,0
41300,4605,12,0
41300,4611,13,0
41300,4617,14,0
41300,8005,15,0
41300,8000,16,1
41301,8000,1,0
41301,8004,2,0
41301,4370,3,0
41301,4376,4,0
41301,2158,5,0
41301,2289,6,0
41301,1728,7,0
41301,1991,8,0
41301,1301,9,0
41301,1794,10,0
41301,1711,11,0
41301,1903,12,0
41301,1898,13,0
41301,1973,14,0
41301,1732,15,0
41301,1227,16,1
41400,2636,1,0
41400,2437,2,0
41400,4605,3,0
41400,4611,4,0
41400,4617,5,0
41400,8005,6,0
41400,8000,7,1
41401,8000,1,0
41401,8004,2,0
41401,4370,3,0
41401,4376,4,0
41401,2158,5,0
41401,2289,6,0
41401,2844,7,0
41401,2636,8,1
42000,8811,1,0
42000,8812,2,0
42000,8814,3,0
42000,8816,4,0
42000,8803,5,0
42000,8801,6,0
42000,8707,7,0
42000,8705,8,0
42000,8703,9,0
42000,8701,10,0
42000,8013,11,0
42000,8009,12,0
42000,8000,13,1
42001,8000,1,0
42001,8010,2,0
42001,8011,3,0
42001,8012,4,0
42001,8700,5,0
42001,8702,6,0
42001,8704,7,0
42001,8706,8,0
42001,8800,9,0
42001,8806,10,0
42001,8802,11,0
42001,8804,12,0
42001,8810,13,1
43000,7921,1,0
43000,7903,2,0
43000,7901,3,0
43000,7910,4,0
43000,7914,5,0
43000,7857,6,0
43000,7508,7,0
43000,7510,8,0
43000,7512,9,0
43000,7514,10,0
43000,7516,11,0
43000,7436,12,0
43000,7438,13,0
43000,7601,14,0
43000,7603,15,0
43000,7605,16,0
43000,8322,17,0
43000,8320,18,0
43000,8118,19,0
43000,8116,20,0
43000,8114,21,0
43000,8110,22,0
43000,8000,23,1
43001,8000,1,0
43001,8101,2,0
43001,8109,3,0
43001,8112,4,0
43001,8304,5,0
43001,8848,6,0
43001,8846,7,0
43001,7923,8,0
43001,7921,9,1
43100,7920,1,0
43100,7922,2,0
43100,8847,3,0
43100,8849,4,0
43100,8305,5,0
43100,8110,6,0
43100,8000,7,1
43101,8000,1,0
43101,8101,2,0
43101,8109,3,0
43101,8113,4,0
43101,8117,5,0
43101,8115,6,0
43101,8317,7,0
43101,8319,8,0
43101,7604,9,0
43101,7602,10,0
43101,7600,11,0
43101,7437,12,0
43101,7435,13,0
43101,7515,14,0
43101,7513,15,0
43101,7511,16,0
43101,7509,17,0
43101,7506,18,0
43101,7807,19,0
43101,7900,20,0
43101,7902,21,0
43101,7904,22,1
43200,7508,1,0
43200,7510,2,0
43200,7512,3,0
43200,7520,4,0
43200,7522,5,0
43200,7524,6,0
43200,7526,7,0
43200,7516,8,0
43200,7872,9,0
43200,8850,10,0
43200,8305,11,0
43200,8110,12,0
43200,8000,13,1
43201,8000,1,0
43201,8101,2,0
43201,8109,3,0
43201,8112,4,0
43201,8304,5,0
43201,8851,6,0
43201,7870,7,0
43201,7862,8,0
43201,7508,9,1
43300,7317,1,0
43300,7315,2,0
43300,7313,3,0
43300,7433,4,0
43300,7431,5,0
43300,7701,6,0
43300,7703,7,0
43300,7705,8,0
43300,7707,9,0
43300,8138,10,0
43300,8123,11,0
43300,8116,12,0
43300,8114,13,0
43300,8110,14,0
43300,8000,15,1
43301,8000,1,0
43301,8101,2,0
43301,8109,3,0
43301,8113,4,0
43301,8124,5,0
43301,8135,6,0
43301,7706,7,0
43301,7704,8,0
43301,7702,9,0
43301,7700,10,0
43301,7272,11,0
43301,7290,12,0
43301,7296,13,0
43301,7323,14,0
43301,7321,15,0
43301,7319,16,0
43301,7317,17,1
44000,7199,1,0
44000,7195,2,0
44000,7112,3,0
44000,7118,4,0
44000,7119,5,0
44000,7122,6,0
44000,7124,7,0
44000,7106,8,0
44000,7104,9,0
44000,7011,10,0
44000,7017,11,0
44000,7023,12,0
44000,7029,13,0
44000,1042,14,0
44000,1048,15,0
44000,1054,16,0
44000,1060,17,0
44000,1068,18,0
44000,7102,19,0
44000,8000,20,1
44001,8000,1,0
44001,1090,2,0
44001,1094,3,0
44001,1096,4,0
44001,1099,5,0
44001,7006,6,0
44001,7012,7,0
44001,7018,8,0
44001,7024,9,0
44001,7103,10,0
44001,7105,11,0
44001,7199,12,1
44100,4000,1,0
44100,4913,2,0
44100,4915,3,0
44100,4917,4,0
44100,9461,5,0
44100,9353,6,0
44100,9157,7,0
44100,9159,8,0
44100,9206,9,0
44100,9219,10,0
44100,9225,11,0
44100,9229,12,0
44100,9233,13,0
44100,9235,14,0
44100,9237,15,0
44100,9239,16,0
44100,9160,17,0
44100,7106,18,0
44100,7104,19,0
44100,7102,20,0
44100,8000,21,1
44101,8000,1,0
44101,7103,2,0
44101,7105,3,0
44101,9150,4,0
44101,9240,5,0
44101,9238,6,0
44101,9236,7,0
44101,9234,8,0
44101,9228,9,0
44101,9224,10,0
44101,9222,11,0
44101,9223,12,0
44101,9117,13,0
44101,9115,14,0
44101,9352,15,0
44101,4000,16,1
44200,9015,1,0
44200,9016,2,0
44200,9017,3,0
44200,9023,4,0
44200,9025,5,0
44200,9029,6,0
44200,9180,7,0
44200,9184,8,0
44200,9048,9,0
44200,1107,10,0
44200,1001,11,0
44200,1004,12,0
44200,1010,13,0
44200,1011,14,0
44200,8000,15,1
44201,8000,1,0
44201,8101,2,0
44201,8109,3,0
44201,1013,4,0
44201,1014,5,0
44201,1002,6,0
44201,1005,7,0
44201,1006,8,0
44201,1012,9,0
44201,9005,10,0
44201,9015,11,1
44300,4000,1,0
44300,6006,2,0
44300,6012,3,0
44300,6018,4,0
44300,6024,5,0
44300,6030,6,0
44300,6036,7,0
44300,6127,8,0
44300,6102,9,0
44300,6108,10,0
44300,6126,11,0
44300,6132,12,0
44300,6138,13,0
44300,6144,14,0
44300,6150,15,0
44300,6156,16,0
44300,1009,17,0
44300,1005,18,0
44300,1006,19,0
44300,1012,20,0
44300,1018,21,0
44300,1024,22,0
44300,1030,23,0
44300,1038,24,0
44300,1071,25,0
44300,1077,26,0
44300,1085,27,0
44300,1087,28,0
44300,1010,29,0
44300,1011,30,0
44300,8000,31,1
44301,8000,1,0
44301,1013,2,0
44301,1088,3,0
44301,1084,4,0
44301,1072,5,0
44301,1052,6,0
44301,1033,7,0
44301,1019,8,0
44301,1107,9,0
44301,1007,10,0
44301,1008,11,0
44301,6079,12,0
44301,6085,13,0
44301,6091,14,0
44301,6097,15,0
44301,6103,16,0
44301,6109,17,0
44301,6115,18,0
44301,6121,19,0
44301,6090,20,0
44301,6041,21,0
44301,6047,22,0
44301,6053,23,0
44301,6059,24,0
44301,6065,25,0
44301,5149,26,0
44301,4000,27,1
45000,2001,1,0
45000,6048,2,0
45000,6054,3,0
45000,6060,4,0
45000,6066,5,0
45000,6072,6,0
45000,1004,7,0
45000,1010,8,0
45000,1011,9,0
45000,8111,10,0
45000,8110,11,0
45000,8000,12,1
45001,8000,1,0
45001,8101,2,0
45001,8109,3,0
45001,8105,4,0
45001,1013,5,0
45001,1014,6,0
45001,1002,7,0
45001,2001,8,1
45100,4000,1,0
45100,6006,2,0
45100,4006,3,0
45100,5040,4,0
45100,5044,5,0
45100,5046,6,0
45100,5048,7,0
45100,5054,8,0
45100,5072,9,0
45100,5078,10,0
45100,5090,11,0
45100,5096,12,0
45100,4030,13,0
45100,5114,14,0
45100,5120,15,0
45100,4805,16,0
45100,5126,17,0
45100,5132,18,0
45100,5138,19,0
45100,5144,20,0
45100,5150,21,0
45100,5156,22,0
45100,1010,23,0
45100,1011,24,0
45100,8000,25,1
45101,8000,1,0
45101,1013,2,0
45101,1014,3,0
45101,5005,4,0
45101,5011,5,0
45101,5023,6,0
45101,5029,7,0
45101,5035,8,0
45101,4036,9,0
45101,5041,10,0
45101,5047,11,0
45101,5065,12,0
45101,5071,13,0
45101,5077,14,0
45101,5083,15,0
45101,5089,16,0
45101,5095,17,0
45101,5101,18,0
45101,5107,19,0
45101,5109,20,0
45101,5111,21,0
45101,5115,22,0
45101,5149,23,0
45101,4000,24,1
49000,8000,1,0
49000,8010,2,0
49000,8011,3,0
49000,8012,4,0
49000,8700,5,0
49000,8702,6,0
49000,8704,7,0
49000,8706,8,0
49000,8800,9,0
49000,8806,10,0
49000,8802,11,0
49000,8804,12,0
49000,8810,13,0
49000,8811,14,0
49000,8812,15,0
49000,8814,16,0
49000,8803,17,0
49000,8801,18,0
49000,8848,19,0
49000,8846,20,0
49000,7923,21,0
49000,7921,22,0
49000,7903,23,0
49000,7901,24,0
49000,7910,25,0
49000,7914,26,0
49000,7857,27,0
49000,7515,28,0
49000,7520,29,0
49000,7522,30,0
49000,7524,31,0
49000,7526,32,0
49000,7516,33,0
49000,7436,34,0
49000,7438,35,0
49000,7872,36,0
49000,8850,37,0
49000,8305,38,0
49000,8110,39,1
49100,8000,1,0
49100,8101,2,0
49100,8109,3,0
49100,8113,4,0
49100,8117,5,0
49100,8115,6,0
49100,8317,7,0
49100,8319,8,0
49100,7604,9,0
49100,7602,10,0
49100,7600,11,0
49100,7862,12,0
49100,7506,13,0
49100,7807,14,0
49100,7900,15,0
49100,7910,16,0
49100,7914,17,0
49100,7857,18,0
49100,7508,19,0
49100,7510,20,0
49100,7512,21,0
49100,7514,22,0
49100,7516,23,0
49100,7406,24,0
49100,7432,25,0
49100,7306,26,0
49100,7308,27,0
49100,7310,28,0
49100,7312,29,0
49100,7318,30,0
49100,7324,31,0
49100,7330,32,0
49100,7205,33,0
49100,7211,34,0
49100,7229,35,0
49100,7701,36,0
49100,7703,37,0
49100,7705,38,0
49100,7707,39,0
49100,8138,40,0
49100,8123,41,0
49100,8116,42,0
49100,8114,43,0
49100,8110,44,1
49200,8000,1,0
49200,8101,2,0
49200,8109,3,0
49200,1013,4,0
49200,1014,5,0
49200,1002,6,0
49200,1005,7,0
49200,1006,8,0
49200,1012,9,0
49200,9005,10,0
49200,9015,11,0
49200,9016,12,0
49200,9017,13,0
49200,9023,14,0
49200,9025,15,0
49200,9029,16,0
49200,9157,17,0
49200,9159,18,0
49200,9206,19,0
49200,9219,20,0
49200,9225,21,0
49200,9229,22,0
49200,9233,23,0
49200,9235,24,0
49200,9237,25,0
49200,9239,26,0
49200,9160,27,0
49200,7199,28,0
49200,7195,29,0
49200,7112,30,0
49200,7118,31,0
49200,7119,32,0
49200,7122,33,0
49200,7124,34,0
49200,7011,35,0
49200,7017,36,0
49200,7023,37,0
49200,7029,38,0
49200,1042,39,0
49200,1048,40,0
49200,1054,41,0
49200,1060,42,0
49200,1068,43,0
49200,1052,44,0
49200,1033,45,0
49200,1019,46,0
49200,1107,47,0
49200,1001,48,0
49200,1004,49,0
49200,1010,50,0
49200,1011,51,1
49300,8000,1,0
49300,8101,2,0
49300,8109,3,0
49300,7103,4,0
49300,7011,5,0
49300,7017,6,0
49300,7023,7,0
49300,7029,8,0
49300,1042,9,0
49300,1048,10,0
49300,1054,11,0
49300,1060,12,0
49300,1068,13,0
49300,1071,14,0
49300,1077,15,0
49300,1085,16,0
49300,1087,17,0
49300,1002,18,0
49300,2001,19,0
49300,6079,20,0
49300,6085,21,0
49300,6091,22,0
49300,6097,23,0
49300,6103,24,0
49300,6109,25,0
49300,6115,26,0
49300,6121,27,0
49300,6090,28,0
49300,6041,29,0
49300,6047,30,0
49300,6053,31,0
49300,6059,32,0
49300,6065,33,0
49300,4006,34,0
49300,6048,35,0
49300,6054,36,0
49300,6060,37,0
49300,6066,38,0
49300,6072,39,0
49300,1004,40,0
49300,1088,41,0
49300,1084,42,0
49300,1072,43,0
49300,1090,44,0
49300,1094,45,0
49300,1096,46,0
49300,1099,47,0
49300,7006,48,0
49300,7012,49,0
49300,7018,50,0
49300,7024,51,0
49300,7106,52,0
49300,7104,53,0
49300,7102,54,0
49300,8111,55,0
49300,8110,56,1
49400,8000,1,0
49400,1013,2,0
49400,1014,3,0
49400,5005,4,0
49400,5011,5,0
49400,5023,6,0
49400,5029,7,0
49400,5035,8,0
49400,4036,9,0
49400,5041,10,0
49400,5047,11,0
49400,5065,12,0
49400,5071,13,0
49400,5077,14,0
49400,5083,15,0
49400,5089,16,0
49400,5095,17,0
49400,5101,18,0
49400,5107,19,0
49400,5109,20,0
49400,5111,21,0
49400,5115,22,0
49400,5149,23,0
49400,4000,24,0
49400,6006,25,0
49400,6012,26,0
49400,4913,27,0
49400,4915,28,0
49400,4917,29,0
49400,9353,30,0
49400,9180,31,0
49400,9184,32,0
49400,9048,33,0
49400,1107,34,0
49400,1001,35,0
49400,1004,36,0
49400,8013,37,0
49400,8009,38,1
1043300,7921,1,0
1043300,7903,2,0
1043300,7901,3,0
1043300,7406,4,0
1043300,7432,5,0
1043300,7306,6,0
1043300,7308,7,0
1043300,7310,8,0
1043300,7312,9,0
1043300,7318,10,0
1043300,7324,11,0
1043300,7330,12,0
1043300,7205,13,0
1043300,7211,14,0
1043300,7229,15,0
1043300,7701,16,0
1043300,7703,17,0
1043300,7705,18,0
1043300,7707,19,0
1043300,8138,20,0
1043300,8123,21,0
1043300,8116,22,0
1043300,8114,23,1
1043301,8113,1,0
1043301,8124,2,0
1043301,8135,3,0
1043301,7706,4,0
1043301,7704,5,0
1043301,7702,6,0
1043301,7700,7,0
1043301,7272,8,0
1043301,7290,9,0
1043301,7296,10,0
1043301,7323,11,0
1043301,7321,12,0
1043301,7319,13,0
1043301,7317,14,0
1043301,7315,15,0
1043301,7313,16,0
1043301,7433,17,0
1043301,7431,18,0
1043301,7862,19,0
1043301,7506,20,0
1043301,7807,21,0
1043301,7900,22,0
1043301,7902,23,0
1043301,7904,24,0
1043301,7920,25,1
1044100,8000,1,0
1044100,7103,2,0
1044100,7105,3,0
1044100,9150,4,0
1044100,9240,5,0
1044100,9238,6,0
1044100,9236,7,0
1044100,9234,8,0
1044100,9228,9,0
1044100,9224,10,0
1044100,9222,11,0
1044100,9223,12,0
1044100,9117,13,0
1044100,9115,14,0
1044100,9157,15,0
1044100,9159,16,0
1044100,9206,17,0
1044100,9219,18,0
1044100,9225,19,0
1044100,9229,20,0
1044100,9233,21,0
1044100,9235,22,0
1044100,9237,23,0
1044100,9239,24,0
1044100,9160,25,0
1044100,7106,26,0
1044100,7104,27,0
1044100,7102,28,1
1044300,8000,1,0
1044300,1013,2,0
1044300,1014,3,0
1044300,1002,4,0
1044300,2001,5,0
1044300,6035,6,0
1044300,6127,7,0
1044300,6102,8,0
1044300,6108,9,0
1044300,6126,10,0
1044300,6132,11,0
1044300,6138,12,0
1044300,6144,13,0
1044300,6150,14,0
1044300,6156,15,0
1044300,1009,16,0
1044300,6079,17,0
1044300,6085,18,0
1044300,6091,19,0
1044300,6097,20,0
1044300,6103,21,0
1044300,6109,22,0
1044300,6115,23,0
1044300,6121,24,0
1044300,6090,25,0
1044300,6042,26,0
1044300,2000,27,0
1044300,1001,28,0
1044300,1004,29,0
1044300,1010,30,0
1044300,1011,31,1
1045100,5040,1,0
1045100,5044,2,0
1045100,5046,3,0
1045100,5048,4,0
1045100,5054,5,0
1045100,5072,6,0
1045100,5078,7,0
1045100,5090,8,0
1045100,5096,9,0
1045100,4030,10,0
1045100,4036,11,0
1045100,8005,12,0
1045100,8000,13,1
1045101,8000,1,0
1045101,8010,2,0
1045101,8006,3,0
1045101,4805,4,0
1045101,5065,5,0
1045101,5071,6,0
1045101,5077,7,0
1045101,5083,8,0
1045101,5089,9,0
1045101,5095,10,0
1045101,5101,11,0
1045101,5107,12,0
1045101,5109,13,0
1045101,5111,14,0
1045101,5115,15,1
2044300,6048,1,0
2044300,6054,2,0
2044300,6060,3,0
2044300,6066,4,0
2044300,1005,5,0
2044300,1006,6,0
2044300,1012,7,0
2044300,1018,8,0
2044300,1024,9,0
2044300,1030,10,0
2044300,1038,11,0
2044300,1071,12,0
2044300,1077,13,0
2044300,1085,14,0
2044300,1087,15,0
2044300,1010,16,0
2044300,1011,17,0
2044300,8000,18,1
2044301,8000,1,0
2044301,1013,2,0
2044301,1088,3,0
2044301,1084,4,0
2044301,1072,5,0
2044301,1052,6,0
2044301,1033,7,0
2044301,1019,8,0
2044301,1107,9,0
2044301,6011,10,0
2044301,6017,11,0
2044301,6023,12,0
2044301,6029,13,1
2045100,5041,1,0
2045100,5049,2,0
2045100,5051,3,0
2045100,5053,4,0
2045100,5126,5,0
2045100,5132,6,0
2045100,5138,7,0
2045100,5144,8,0
2045100,5150,9,0
2045100,5156,10,0
2045100,1010,11,0
2045100,1011,12,0
2045100,8000,13,1
2045101,8000,1,0
2045101,1013,2,0
2045101,1014,3,0
2045101,5005,4,0
2045101,5011,5,0
2045101,5023,6,0
2045101,5029,7,0
2045101,5035,8,0
2045101,4036,9,0
2045101,5041,10,1
